4859 6844
1 713 2
2 4348 1
3 17 1
3 1101 3
3 3475 1
3 4841 1
4 3880 1
5 3511 1
6 1208 1
7 402 1
8 1365 1
9 930 1
10 665 1
11 1204 1
12 1211 1
13 2021 2
14 3577 1
15 1103 1
16 2020 1
17 773 1
17 1493 1
18 1203 1
19 769 2
19 1136 8
19 2065 1
20 769 1
20 1206 1
21 2261 1
22 2253 1
23 924 5
23 4438 5
24 799 1
24 924 1
25 923 1
26 3308 1
27 475 1
27 730 1
27 731 1
28 1207 1
28 1744 3
28 2143 1
29 1199 1
29 1200 1
29 2856 2
30 1197 1
31 1132 1
32 1051 1
33 2444 1
34 2451 1
35 4525 1
36 2585 1
37 715 1
37 717 1
37 721 1
38 717 5
38 1172 2
38 2287 1
39 712 1
39 715 7
39 716 1
40 714 1
40 716 6
40 1046 6
41 226 1
41 228 3
41 2591 3
42 718 1
42 722 1
42 1047 2
43 720 1
43 1047 4
43 2287 10
43 4699 1
44 1050 1
45 1050 1
46 1049 1
47 2492 1
48 1814 1
49 2519 1
50 1048 3
51 1138 1
52 1137 6
53 1209 1
54 1695 1
55 1234 1
56 2482 1
57 1220 1
58 677 1
59 2480 1
60 2483 1
61 538 1
61 2451 6
61 2484 5
62 2481 7
62 2484 1
62 3962 7
63 2472 2
63 3959 1
63 4599 1
64 65 2
64 66 7
64 1590 2
64 4599 7
65 2468 3
65 2483 4
66 67 2
66 3961 2
67 538 8
67 2480 6
68 1080 1
69 4553 1
70 719 1
71 322 2
71 982 1
71 1358 4
72 719 1
73 1147 1
73 1218 4
73 2019 1
74 1217 1
74 1218 1
74 1219 1
75 1214 1
75 1215 1
75 1216 1
76 1146 1
76 1488 1
76 1489 1
77 93 3
77 1145 1
77 1146 1
78 1148 1
78 1149 1
78 2018 1
79 446 1
79 1261 1
79 1262 1
80 1261 4
80 1263 1
80 1264 1
81 1212 1
81 1213 1
81 1214 4
82 1213 4
82 1221 7
82 2066 1
83 1216 10
83 1363 1
83 2020 4
84 1221 1
85 735 1
86 733 1
86 734 6
86 2024 2
87 2032 1
88 1329 1
88 1330 1
88 1331 1
88 1332 1
89 181 1
89 1209 5
89 1329 3
90 181 4
90 319 1
90 2614 1
90 4601 1
91 809 1
92 810 1
93 1143 1
93 1144 1
94 1007 1
94 1264 1
94 2051 1
95 473 1
96 734 1
96 807 1
96 808 1
97 772 1
98 668 1
99 100 8
99 275 8
99 666 5
101 666 1
102 675 1
102 727 1
102 1225 1
103 674 1
103 675 5
103 1226 1
104 1361 1
105 676 1
106 1412 1
107 289 4
107 674 9
107 3936 1
108 110 6
108 1345 3
108 4604 4
109 110 2
109 662 8
109 1345 6
110 372 5
110 726 4
111 1341 1
111 1344 1
111 4472 4
112 113 7
112 115 3
112 383 5
113 114 3
113 623 5
114 115 7
115 3696 5
116 4492 1
117 1492 16
117 4274 11
117 4277 1
118 334 9
118 631 20
118 1030 23
119 120 8
119 1032 10
119 1154 15
120 1154 8
120 1365 1
121 626 1
121 690 12
122 123 5
122 124 4
122 3856 5
122 4288 7
123 131 9
123 379 10
123 1570 9
124 3858 5
124 4289 1
125 126 2
125 3860 4
125 4289 8
126 127 3
126 338 6
127 128 4
127 131 4
127 3987 5
127 4481 5
128 129 4
128 3988 4
129 130 4
129 1808 4
130 132 1
130 437 1
131 132 7
132 1570 8
133 161 5
133 762 1
133 764 3
134 597 1
135 2901 1
136 4643 1
137 747 1
138 160 3
138 595 1
138 3146 1
138 3162 1
139 1059 1
140 1067 1
141 1064 1
141 1066 1
141 4613 1
142 1061 1
142 2911 1
142 2912 1
143 1063 1
144 1074 1
145 1076 1
146 433 1
147 743 1
147 744 1
147 3086 1
148 440 3
148 2904 1
148 2905 1
149 1484 1
149 2906 4
149 2908 1
150 596 1
151 1469 4
151 2906 1
151 2907 1
152 2902 4
152 2903 1
152 2904 1
153 748 1
153 749 5
153 2902 1
154 159 5
154 1076 13
154 4637 6
155 1579 11
155 4637 1
155 4638 1
156 1055 1
156 1056 1
156 3690 1
157 1057 1
158 1052 1
159 3109 1
159 4643 4
160 597 4
160 3147 1
161 760 1
161 1054 1
162 753 1
162 754 1
162 755 1
162 3283 1
163 183 4
163 758 1
163 759 1
164 750 3
164 751 1
164 753 8
165 3285 1
166 3284 1
167 1053 1
168 763 1
169 399 3
170 2983 1
171 3314 1
172 639 1
173 3313 1
174 194 1
175 424 1
175 645 1
175 646 1
176 422 1
177 3405 1
178 4509 1
179 2576 1
180 4854 1
181 182 2
183 1054 1
183 3286 1
184 752 1
185 4414 1
186 599 2
186 1068 1
186 4414 5
187 599 1
187 935 3
187 3892 1
188 638 1
188 1323 3
188 3331 1
189 638 1
190 306 6
190 1482 1
190 4292 2
191 583 1
192 1198 1
193 668 5
193 2234 1
194 646 4
194 3358 1
195 400 10
195 3313 3
195 3386 1
195 4474 1
196 367 1
196 1260 1
196 3473 1
197 332 1
198 397 1
199 660 1
200 754 6
200 1494 1
200 1797 2
201 771 1
202 4553 3
203 206 6
203 207 6
203 251 1
204 205 6
204 208 6
204 309 1
205 206 6
205 208 6
205 211 5
206 207 7
206 210 5
207 208 6
207 483 3
208 484 3
209 210 1
209 957 2
209 972 1
210 211 6
211 212 5
212 487 1
212 1447 2
213 252 2
213 482 1
213 483 8
213 484 8
213 4006 2
214 341 3
215 696 1
215 791 5
215 1646 1
215 2091 3
216 693 5
216 695 1
216 2091 1
217 2095 1
218 699 8
218 703 8
218 792 3
218 1024 2
218 2089 4
219 220 1
219 809 7
219 2021 13
220 1948 8
220 1949 15
221 1941 1
221 1953 5
221 2023 9
222 1149 1
222 1150 2
222 2048 1
223 2035 1
224 2032 2
224 2035 3
224 2048 9
225 2867 1
226 227 2
226 2585 2
229 2578 5
230 2514 6
230 4508 6
230 4509 6
230 4511 1
231 4463 1
232 407 1
233 341 1
234 2901 4
234 3108 1
234 3109 2
235 434 1
235 1069 3
235 3869 1
236 922 3
236 3869 5
236 3899 3
237 931 1
237 933 9
237 4849 1
238 239 7
238 1092 1
238 1456 4
239 1083 3
239 1440 8
240 1097 2
240 1098 2
240 1440 2
241 246 4
241 4253 1
241 4254 13
242 4596 1
243 1497 1
243 4267 7
243 4596 1
244 1497 6
244 1498 3
244 4256 2
244 4257 5
245 321 2
245 1153 4
245 3626 1
246 1498 9
246 4255 1
247 248 8
247 1794 3
248 1456 1
248 1794 5
249 309 1
249 486 13
249 965 1
249 971 1
250 484 1
250 962 5
250 971 8
250 4000 2
251 276 7
251 988 1
251 989 1
252 256 1
252 284 9
252 482 1
252 950 2
253 255 1
253 482 1
253 985 1
253 4006 1
254 949 1
254 958 1
254 984 1
255 256 3
255 297 10
255 984 2
256 257 2
256 296 10
257 277 13
257 283 2
257 950 1
258 1083 1
258 1099 3
258 1105 2
259 2051 8
260 261 2
260 982 1
260 1098 6
261 1097 7
261 4254 5
262 535 6
262 1232 8
262 3596 3
263 3320 1
264 4012 1
265 934 1
265 939 5
265 1156 7
266 3210 1
267 2263 1
268 556 1
269 274 2
270 1114 1
270 4264 1
270 4266 4
271 1114 3
272 273 6
272 1324 6
272 3635 1
273 3629 1
273 4250 8
274 3636 1
274 4266 5
275 728 3
275 1739 7
276 952 1
276 987 1
277 288 2
277 951 1
278 279 8
278 465 6
279 280 3
280 281 1
280 967 2
281 282 3
281 467 2
282 283 3
282 466 6
282 467 2
283 967 6
284 483 2
284 988 8
284 1100 6
285 951 8
285 968 3
285 969 5
285 1100 5
286 960 1
286 962 4
286 963 5
286 1453 1
287 488 7
287 963 1
287 965 4
287 1451 4
288 466 4
290 1034 1
291 2801 1
292 4464 1
293 370 17
293 1804 3
293 4348 4
294 3420 1
294 3421 6
295 725 6
295 957 12
296 297 3
297 298 2
298 947 9
299 300 6
299 490 7
299 1451 1
299 1452 2
299 4586 1
300 481 2
300 1450 3
300 2387 1
301 4011 1
302 729 1
303 304 3
303 3264 3
303 4460 1
305 3212 1
306 325 2
307 325 6
307 416 6
308 656 1
308 777 2
308 918 3
308 1486 4
309 971 1
310 325 6
310 379 7
310 416 5
310 655 7
311 3480 1
312 314 3
313 314 15
314 603 3
315 939 2
316 2295 1
317 2297 1
318 1674 1
319 1194 2
319 2867 1
320 994 1
320 996 2
320 4583 1
321 342 4
321 343 2
322 946 2
322 1153 1
323 2743 3
323 4808 1
324 583 4
324 1768 5
324 4649 1
326 1566 1
327 571 4
327 578 1
327 2519 5
328 4653 1
329 1051 1
329 4650 1
329 4652 3
330 4652 1
331 4527 1
332 408 1
332 539 2
333 4648 1
334 1035 1
334 4571 1
334 4685 3
335 1081 7
335 4685 1
335 4847 15
336 3988 3
337 3979 2
338 3980 1
338 3981 1
338 3984 1
339 3429 7
339 3612 1
339 3629 1
340 730 1
340 732 1
340 2870 1
341 1141 4
341 1142 3
344 1077 2
345 1077 1
346 366 1
347 652 1
347 1335 1
347 3298 4
347 3437 4
348 350 9
348 1813 6
348 3468 24
349 350 1
350 3461 3
351 352 1
351 353 3
352 353 2
353 1335 1
354 672 1
355 356 2
355 672 1
355 673 5
357 3762 1
358 673 1
359 4274 1
360 363 1
361 371 1
361 671 1
361 1360 1
362 671 1
363 4475 1
363 4476 1
364 1078 1
365 1079 1
366 367 17
366 3469 1
366 3470 1
367 1364 7
368 3578 1
369 3579 1
370 587 5
370 4710 2
371 1345 2
371 3845 1
372 376 2
372 3852 4
372 4604 7
373 1338 1
373 1339 3
373 1606 1
374 1341 1
374 1592 1
374 4604 5
375 942 1
375 1001 3
375 1606 5
375 1617 1
376 377 5
376 4605 7
377 383 7
377 384 6
377 3854 4
378 4690 8
379 380 6
380 416 6
380 4288 2
381 2230 1
382 2230 1
383 623 7
383 4492 4
384 623 6
384 4471 1
385 386 1
385 390 7
385 1016 1
386 625 9
386 1015 3
387 388 8
387 776 6
388 389 2
388 817 1
389 817 1
389 1018 6
391 944 5
391 1351 1
391 1352 1
392 393 2
392 394 2
392 1689 10
393 395 2
393 1684 11
394 395 2
394 651 7
395 4695 10
396 3879 1
397 683 5
397 686 3
397 3317 1
398 684 1
398 685 1
398 1796 1
399 684 7
399 1073 1
400 3382 1
400 3387 1
400 3505 2
401 741 1
401 742 1
401 3080 1
402 681 1
402 686 1
403 4805 1
404 406 3
404 670 1
404 4703 1
405 667 10
405 1638 4
405 1690 1
405 2238 1
406 4696 1
406 4706 1
407 1115 3
407 3616 1
407 3635 13
408 4524 1
408 4525 4
408 4533 1
409 1491 2
409 3628 2
409 4250 3
410 1491 10
410 1747 1
410 1806 13
411 661 1
412 4727 2
413 941 2
414 4662 1
415 1080 1
416 669 4
417 3263 1
418 3512 5
419 3208 1
420 761 1
421 757 4
421 2899 1
421 2900 1
422 450 7
422 3325 1
422 3368 1
423 1070 1
424 425 1
424 3366 1
424 4730 1
425 644 4
425 3360 1
425 3365 1
426 3906 1
427 4832 1
428 1069 1
429 4466 1
430 4683 1
431 3070 1
431 3071 1
431 3076 1
431 3317 1
432 3316 2
433 743 7
433 3088 1
433 3092 1
434 1058 4
434 3063 1
434 3868 1
435 497 1
435 745 3
435 1754 1
435 3082 1
436 3901 1
437 3978 3
437 3990 2
438 1060 1
439 4728 1
440 1347 3
440 3297 1
441 4639 1
442 4396 1
443 4010 1
444 3385 1
445 4474 1
446 1219 4
446 2041 1
446 2061 1
447 448 1
448 3363 1
448 3389 2
449 3363 1
450 645 1
450 3326 1
451 3322 1
452 3322 1
452 3323 3
452 3326 5
453 454 13
453 627 3
453 635 2
454 690 7
454 3480 26
455 1468 1
456 4467 1
457 4468 1
458 3210 1
459 4009 1
460 4246 1
461 4456 1
462 2662 1
463 2523 1
464 2524 1
465 466 4
465 467 3
468 1925 16
469 471 5
470 811 1
471 811 2
471 812 5
472 812 1
473 770 4
473 1998 1
473 2005 1
474 770 1
474 1991 7
474 1995 2
474 1996 3
475 1744 1
475 2142 1
475 2637 1
476 1744 2
477 4480 1
478 4479 1
479 4569 1
480 1210 3
480 2362 1
480 2379 1
481 487 10
481 1446 7
481 2318 1
485 1442 2
485 1449 5
485 1522 1
486 487 1
486 966 2
488 966 4
488 1450 2
489 629 1
490 959 1
490 1453 3
491 1427 1
491 2770 1
491 4628 3
492 493 1
493 4477 1
493 4478 1
494 4681 1
495 1228 3
495 2828 1
495 3653 1
495 4597 10
496 1667 5
497 659 7
497 742 3
498 659 1
499 501 2
499 504 1
499 678 2
500 504 9
501 688 3
501 4491 1
502 503 4
502 506 2
502 711 5
503 507 3
503 529 2
504 507 1
505 1282 1
506 507 2
506 4491 1
508 510 2
508 514 2
508 3513 1
509 513 4
509 802 1
509 803 2
510 515 1
510 803 2
511 516 1
511 804 1
511 3815 1
512 513 5
512 516 2
512 3810 2
513 515 1
514 1438 1
514 4284 1
515 3812 1
516 802 1
517 529 9
517 530 2
517 533 2
517 552 2
518 523 1
518 524 6
518 532 2
519 527 1
519 528 3
519 530 1
520 522 2
520 527 3
520 706 3
521 522 4
521 704 11
521 1719 1
522 533 2
523 530 4
523 710 3
524 526 4
524 711 4
525 526 7
525 534 1
525 707 4
525 709 3
526 705 1
526 709 6
527 533 2
528 531 4
528 708 1
529 710 3
531 1721 1
532 708 4
532 709 1
534 705 8
535 1190 1
535 1192 1
536 2426 1
537 680 1
537 1188 1
537 1239 13
538 677 7
538 2425 6
540 4661 1
541 4547 1
542 4496 1
543 2853 1
544 4674 1
545 4675 1
546 4676 1
547 4677 1
548 4499 1
548 4500 1
548 4518 2
549 4505 1
550 4519 1
551 4505 1
552 553 1
552 1719 4
554 555 1
554 2571 14
554 2572 1
555 557 1
555 559 1
556 557 1
556 4503 4
557 1603 1
558 2576 4
560 4671 1
561 564 3
561 566 1
561 1140 2
561 1205 3
562 4658 1
563 4602 1
565 4657 1
567 4603 1
568 1616 1
569 1229 12
569 1429 2
569 4263 1
570 4262 3
570 4263 3
570 4595 1
572 1366 1
573 2517 1
574 575 1
575 2492 17
576 649 9
577 3337 4
579 626 2
579 3925 2
580 2524 1
581 651 1
582 1768 1
583 584 3
583 1774 1
585 587 1
586 588 5
586 3479 1
586 4722 3
587 4711 2
588 3476 1
588 4723 3
589 590 1
590 591 1
590 592 1
592 4706 1
593 1525 1
593 2407 1
593 2408 1
594 4463 1
596 1484 3
596 3104 1
596 3157 1
597 1518 1
597 3163 1
598 3491 1
598 3922 1
598 4642 1
599 3885 1
599 3888 1
600 601 1
600 1012 1
601 1435 3
601 1514 1
602 2489 1
603 605 1
603 606 2
604 605 4
605 1187 2
606 1107 1
606 1187 2
607 3925 1
608 3247 4
609 1165 1
609 1166 1
609 1167 1
609 1168 1
609 1605 1
610 1032 1
610 1157 1
610 1490 17
611 653 1
612 1201 1
612 1745 1
612 2856 1
613 806 1
614 1358 6
615 616 4
615 1290 7
615 4647 1
617 1104 9
617 1284 1
617 1356 1
617 4754 4
618 860 3
618 1249 4
618 4731 1
618 4733 2
619 4647 1
620 859 2
620 865 1
620 4738 1
621 3692 2
621 4754 1
621 4758 1
621 4812 1
622 3076 1
623 1605 1
624 839 1
625 1039 7
626 689 13
627 632 1
627 634 2
627 1154 3
628 629 1
628 973 1
628 981 2
629 1202 1
629 2381 3
630 4678 2
631 937 9
631 1081 1
631 1490 7
632 689 23
632 1548 28
633 937 1
634 635 1
634 1365 11
635 3408 3
636 3434 12
636 3442 2
636 3443 1
636 3455 1
637 3331 1
638 3332 1
638 3344 1
639 1323 3
639 3330 1
639 3346 1
640 3403 1
641 3399 1
642 3399 1
643 644 2
643 3364 2
643 3400 1
644 3361 1
644 3364 1
645 3327 1
645 3367 1
646 3328 1
646 3359 1
647 1035 1
647 1244 1
647 4571 1
648 3274 1
649 650 1
649 1351 6
651 1352 16
651 4430 9
653 1101 1
653 1804 1
654 655 1
654 1520 1
654 3511 5
655 656 1
656 1520 1
657 3208 1
658 3904 1
659 1753 1
659 3321 1
660 1494 6
660 3235 1
660 3242 1
661 3707 1
661 3713 5
661 3716 1
662 1227 2
662 3831 1
662 3832 2
663 1085 4
663 1092 1
663 1094 2
664 1094 3
664 1095 1
664 1356 1
665 1686 1
665 1688 12
665 1694 5
666 1678 1
666 1779 1
667 1691 1
667 1722 3
667 2235 1
668 1785 1
668 2233 1
669 3696 2
669 3699 1
669 3700 1
670 2227 1
670 2228 1
671 3846 1
671 3848 1
672 3746 1
672 4700 3
673 3747 1
673 4702 1
674 3836 1
674 3837 5
675 3837 1
675 4701 1
676 3841 1
676 3842 7
676 3936 2
677 2424 5
677 2480 9
678 1658 3
678 3694 1
678 3695 1
679 680 1
679 1849 5
679 1859 2
680 1189 1
681 741 5
681 3068 1
681 3319 1
682 683 2
682 1796 5
682 2968 1
682 3054 1
683 3072 1
683 4807 1
684 2970 1
684 3046 1
685 1075 1
685 3047 1
685 3052 1
686 3057 1
686 3318 1
687 4489 1
688 1096 1
689 690 1
690 4469 2
691 4469 1
692 1108 8
692 1806 5
692 3634 1
693 2089 1
693 2260 3
694 703 1
695 699 1
695 700 1
697 2095 1
698 2098 2
699 2091 1
699 2092 1
700 2092 1
700 2253 1
701 2098 1
702 2092 2
703 2098 1
703 2099 4
704 706 5
704 1720 3
706 1721 3
707 708 1
710 711 6
712 2595 1
712 2702 1
713 1048 5
713 2796 1
713 4621 1
714 2704 1
714 2726 1
715 2594 1
715 4635 1
716 2289 1
716 2703 1
717 2288 1
717 2561 1
718 2269 1
718 2707 1
719 2794 2
719 2798 1
720 2271 1
720 2278 1
721 2562 1
721 2593 1
722 2291 1
722 2708 1
722 4432 7
723 724 1
724 1024 1
724 2085 3
724 2100 1
725 948 1
725 956 5
726 3850 1
726 3851 5
726 3860 2
728 1005 1
728 3515 1
728 3517 1
729 1201 9
729 2147 1
729 2649 1
730 2638 1
730 2639 1
731 732 2
731 2134 1
731 2638 1
732 2611 1
732 2638 1
733 1203 10
733 1975 1
733 2025 1
734 1970 1
734 1976 1
735 1910 1
735 1920 1
735 2018 6
736 1096 1
737 1734 1
737 4686 4
737 4687 4
738 3180 1
739 740 4
740 3283 8
740 3991 3
741 3066 1
741 3079 1
742 3081 1
742 3908 1
743 3087 1
743 3093 1
744 2905 13
744 2963 1
744 3094 1
745 746 1
745 1755 1
745 3083 1
746 2957 1
746 3292 1
746 4709 5
747 1347 1
747 1512 1
747 3099 1
748 2959 1
748 3294 1
748 4709 7
749 750 1
749 2953 1
749 3295 1
750 3226 1
750 3281 1
751 1060 6
751 3224 1
751 3282 1
752 759 12
752 3229 1
752 3250 1
753 3225 1
753 3231 1
754 3219 1
754 3244 1
755 758 5
755 3232 1
755 3245 1
756 757 1
756 1469 6
756 2950 1
756 3154 1
757 2940 1
757 3252 1
758 3230 1
758 3246 1
759 1729 1
759 3249 1
760 2899 8
760 3254 1
760 3256 1
761 2900 8
761 2934 1
761 2938 1
762 3238 1
762 3276 1
762 3285 11
763 1053 11
763 2917 1
763 2927 1
764 765 1
764 3257 1
764 3277 1
765 2930 1
765 3268 1
765 4293 1
766 4667 1
767 3406 1
768 3406 1
769 1984 1
769 2114 1
770 1997 1
770 2004 1
771 1929 1
771 2022 1
771 2052 1
772 1127 1
772 2053 1
772 4415 1
773 3538 1
773 3543 1
774 3533 2
775 939 1
775 1157 11
775 1517 1
775 3631 1
776 1688 20
778 790 1
779 781 1
779 785 5
779 786 1
779 788 3
780 797 1
781 782 3
781 785 3
781 794 1
782 788 1
782 793 1
783 787 1
784 798 1
785 791 1
787 790 3
787 796 2
787 2262 1
788 789 4
789 797 3
789 798 2
789 2260 1
790 795 1
790 2090 1
791 794 3
791 796 3
792 793 2
792 798 2
793 1024 3
793 2086 1
794 1024 1
794 1265 1
795 797 1
795 801 2
796 1645 1
799 800 1
799 923 5
802 1259 1
803 4284 1
804 1259 1
804 1438 1
805 4805 1
806 807 8
806 1972 1
806 1978 1
807 1977 1
807 1981 1
808 1982 1
808 1993 1
808 2065 9
809 1900 1
809 1948 1
810 1143 10
810 1899 1
810 1907 1
811 812 4
811 1935 1
812 1932 1
813 1019 2
813 1021 15
813 4593 12
814 1298 1
814 1300 1
814 1306 1
815 1293 1
815 3337 2
815 3342 3
816 2662 1
817 1697 4
818 819 3
818 820 4
819 821 1
819 2497 7
820 823 6
820 826 2
822 823 1
823 824 1
824 825 1
824 830 2
825 826 1
825 831 2
826 1041 1
827 850 1
828 829 1
828 833 4
828 850 1
829 832 1
829 1041 1
830 831 1
830 837 2
831 838 2
832 833 1
832 1041 1
833 840 2
834 835 1
834 837 1
834 839 4
836 839 1
837 838 1
838 840 1
840 841 1
842 848 3
843 848 1
844 845 1
844 848 3
844 1275 1
845 846 2
845 1276 3
846 1277 3
846 1281 1
846 4832 3
847 857 1
847 859 4
847 1245 3
848 854 3
849 879 1
850 851 4
850 4724 6
851 852 1
851 2495 1
852 855 9
852 2871 1
853 854 1
854 871 1
854 4575 7
855 856 1
855 996 1
856 2499 21
856 2500 1
857 860 3
857 861 3
858 859 1
858 864 2
858 4737 3
858 4828 4
859 861 1
860 1374 3
861 865 2
862 4782 1
863 864 1
864 4737 1
865 4733 1
866 1572 2
866 1706 4
866 1707 4
866 4585 1
867 871 1
867 872 1
867 873 1
868 872 1
869 870 1
869 872 2
870 880 4
871 873 1
873 874 4
874 875 1
874 879 2
875 876 1
875 877 2
876 877 1
876 882 3
877 1013 4
878 880 1
879 881 1
880 882 2
882 883 1
883 884 2
884 1370 3
885 887 1
885 888 2
885 1013 1
886 889 1
887 888 1
887 889 1
888 4777 4
889 890 1
890 891 1
890 4776 1
891 892 2
891 893 1
892 893 1
892 1376 3
893 4775 1
894 895 1
894 906 2
894 4778 4
895 896 1
895 906 1
896 897 2
896 4770 1
897 898 1
897 1413 1
897 4771 1
898 899 1
898 900 2
899 900 1
899 4772 1
900 901 1
901 903 2
901 1387 7
901 4773 1
902 903 1
902 904 1
902 4769 1
903 905 1
904 905 1
904 1414 2
905 1406 5
906 908 5
907 908 1
908 909 1
909 910 1
909 911 3
911 912 1
911 913 2
914 4420 1
915 2460 1
916 1125 1
916 3556 1
917 1124 1
917 3138 4
917 3555 1
918 919 4
918 4292 1
919 3211 5
920 4133 1
921 1352 1
922 3892 8
922 4849 4
923 2067 1
923 2225 1
924 2225 6
924 2226 1
925 3183 1
926 4324 2
927 4313 1
927 4321 1
927 4330 1
927 4336 3
928 3177 1
929 3183 9
929 4301 1
929 4325 1
930 1156 8
930 3660 1
930 3933 1
931 936 1
931 4848 1
931 4851 1
932 934 2
932 936 5
932 1511 1
932 2985 1
933 935 1
933 3894 1
933 4850 1
934 1426 5
934 4682 1
935 3887 1
935 3893 1
936 1426 1
936 2986 1
937 3632 1
937 4847 1
938 2911 6
938 3138 1
938 4638 1
939 1426 1
940 1158 12
940 1236 30
940 3305 6
941 3825 3
941 4644 3
942 1600 1
942 1601 1
942 1602 1
943 1144 6
943 1887 1
943 1895 1
943 3305 1
944 1351 5
944 1352 5
944 4696 3
945 1351 1
946 1153 1
946 1367 1
946 4646 1
947 958 1
947 4470 1
948 952 4
948 955 3
949 985 3
949 4002 5
950 951 13
950 1100 11
952 954 1
953 954 4
953 955 3
953 989 1
954 955 3
955 956 4
956 957 5
956 989 13
958 984 1
959 2855 1
959 4008 4
960 961 4
960 4008 1
961 962 1
961 4001 1
962 964 5
963 964 4
963 1452 4
964 965 1
964 971 1
965 966 9
968 969 3
968 986 4
968 1100 3
969 987 1
970 3762 1
974 975 1
975 978 1
976 977 1
977 980 1
978 979 1
979 980 1
979 1202 1
982 1355 10
983 1632 4
984 985 1
985 4006 1
986 987 5
986 988 1
990 992 1
990 999 1
990 1000 1
991 992 1
992 998 1
993 996 2
993 999 1
994 996 1
994 998 4
994 4574 2
995 998 2
996 1464 1
997 998 1
1001 1439 1
1001 1608 4
1002 1003 12
1002 1004 8
1002 1439 1
1003 1004 12
1003 1605 2
1006 1007 1
1006 1130 2
1006 2037 1
1006 2623 1
1007 2038 1
1007 2132 1
1008 1009 2
1008 1207 8
1008 1745 1
1010 1239 1
1010 1243 1
1010 4435 1
1011 1184 1
1011 1236 1
1011 1237 1
1012 1514 1
1013 1014 1
1014 4575 4
1014 4802 2
1015 1017 1
1015 1018 2
1016 1017 2
1016 1694 1
1017 1018 2
1019 1020 1
1019 1696 15
1019 4416 3
1020 1931 2
1020 3306 18
1020 4416 3
1021 1023 2
1022 1223 2
1023 1223 2
1023 4415 1
1025 1490 2
1026 4277 1
1027 1029 1
1027 1155 2
1027 3717 3
1028 1155 1
1028 3519 1
1028 3573 1
1029 3714 1
1029 3719 4
1030 1492 17
1030 3519 2
1031 1032 2
1031 1156 1
1031 1157 2
1032 1548 1
1033 1492 1
1034 1035 2
1034 4424 1
1034 4685 1
1035 1244 5
1036 3889 1
1037 3884 1
1038 3874 1
1039 1665 6
1039 4277 21
1040 3451 1
1042 1664 1
1043 1116 5
1043 1117 4
1043 1118 4
1043 1119 4
1043 1120 4
1043 1121 5
1043 1592 1
1044 3512 1
1045 1071 2
1045 1072 4
1045 3016 1
1045 3382 1
1046 2290 1
1046 2727 1
1046 4432 1
1047 2270 1
1047 2292 1
1048 2795 1
1048 4622 1
1049 1173 3
1049 2710 1
1049 2729 1
1050 2714 2
1050 2715 1
1051 2330 1
1051 2654 1
1052 2891 1
1052 2896 1
1053 1730 1
1053 2928 1
1054 3239 1
1054 3255 1
1055 1059 9
1055 3007 1
1055 3170 1
1056 1057 16
1056 3171 1
1056 3188 1
1057 3172 1
1057 3187 1
1058 1068 4
1058 3867 1
1058 3902 1
1059 3006 1
1059 3169 1
1060 3223 1
1060 3279 1
1061 1063 3
1061 3025 1
1061 3029 1
1062 2910 1
1063 3020 1
1063 3028 1
1064 1065 1
1064 2910 3
1064 3023 1
1064 3141 1
1065 3010 1
1065 3022 1
1066 3011 1
1066 3142 1
1066 4413 3
1067 3012 1
1067 3143 1
1067 4413 1
1068 3866 1
1068 3903 1
1069 3064 1
1069 3871 1
1070 3314 12
1070 3352 1
1070 3353 1
1071 2999 1
1071 3505 1
1072 1073 6
1072 3036 1
1072 3383 1
1073 1799 1
1073 3035 1
1074 2909 3
1074 3032 1
1074 3132 1
1075 1579 1
1075 3041 1
1075 3051 1
1076 3121 1
1076 3124 1
1077 3449 3
1077 3459 2
1078 1079 18
1078 3584 1
1078 3585 1
1079 3583 1
1079 3584 1
1080 4544 1
1080 4554 1
1081 1548 26
1082 4727 1
1083 1084 4
1084 1093 2
1084 1095 3
1085 1086 1
1085 1087 3
1085 1091 1
1087 1089 2
1087 1091 2
1088 1089 1
1089 1090 2
1091 1092 2
1092 1093 5
1093 1095 1
1094 1095 3
1096 1357 3
1097 1098 1
1101 1102 1
1103 3592 1
1103 3595 2
1103 4271 4
1104 1355 1
1104 1358 6
1105 1355 7
1105 1440 1
1106 1107 3
1106 1187 1
1106 3497 1
1107 3498 1
1108 3624 21
1108 3910 2
1109 1110 1
1110 1111 1
1110 1194 1
1110 2868 1
1112 1182 3
1113 1183 2
1114 1115 1
1115 1324 2
1122 4593 1
1123 1124 1
1125 3687 4
1126 1222 1
1127 1222 1
1127 2022 5
1128 1129 7
1128 2475 1
1128 2479 4
1128 2632 1
1129 2857 1
1129 2858 1
1129 2859 1
1130 1359 2
1130 2858 13
1130 2870 1
1131 1132 1
1131 1359 7
1131 2034 1
1131 3310 1
1132 1133 1
1133 1134 6
1133 2029 1
1133 2073 1
1134 1135 5
1134 2072 1
1134 3311 1
1135 1136 1
1135 1973 2
1135 2083 1
1136 1979 1
1136 2105 1
1137 1142 1
1137 2792 1
1137 2811 1
1138 1139 8
1138 2824 1
1138 2850 1
1139 1140 2
1139 2825 1
1139 2849 1
1140 2771 1
1140 2819 1
1141 1205 2
1141 2803 1
1141 2812 1
1142 2804 1
1142 2813 1
1143 1893 1
1143 1906 1
1144 1892 1
1144 1894 1
1145 1363 10
1145 1879 1
1145 1891 1
1146 1878 1
1146 1905 1
1147 1495 1
1147 1916 1
1147 2044 1
1148 1495 5
1148 1917 1
1148 2046 1
1149 1922 1
1149 2047 1
1150 1923 1
1150 2024 2
1150 2049 1
1151 1588 6
1151 3543 1
1151 4841 1
1152 4421 1
1153 3501 1
1155 4858 11
1158 1159 1
1158 1160 1
1160 1161 1
1160 1162 2
1162 1163 1
1162 1164 1
1163 1164 1
1163 4593 4
1164 3306 1
1169 1170 2
1169 1171 2
1169 1595 3
1169 1609 1
1172 2280 1
1172 2298 1
1173 2709 1
1173 2728 1
1173 4432 1
1174 2294 1
1175 1177 1
1175 1178 1
1175 1182 1
1175 4435 1
1176 1177 1
1176 1862 1
1176 4434 2
1177 4435 1
1178 1179 1
1178 1852 1
1179 1186 1
1179 4436 1
1180 1181 1
1180 1183 1
1180 1186 1
1181 2463 2
1181 2869 5
1182 1183 1
1184 1854 6
1184 1862 4
1185 4673 1
1186 2466 1
1188 1189 1
1188 1578 1
1189 2469 1
1191 1192 2
1191 1193 1
1191 1236 28
1192 4684 1
1194 2064 1
1194 2866 1
1195 1196 1
1195 1330 6
1195 2621 1
1196 1197 5
1196 2624 1
1197 2625 1
1197 2627 1
1198 1263 4
1198 2127 1
1198 2130 1
1199 1204 9
1199 2635 1
1199 2647 1
1200 2634 1
1200 2643 1
1200 2857 5
1201 2146 1
1201 2645 1
1202 2383 2
1203 1974 1
1203 2030 1
1204 2630 1
1204 2648 1
1205 2786 1
1205 2820 1
1206 1983 1
1206 1984 1
1206 1987 7
1207 2144 1
1207 2636 1
1208 1262 14
1208 2058 1
1208 2123 1
1209 2612 1
1209 2620 1
1211 2415 1
1211 2423 1
1211 2479 14
1212 1869 1
1212 2056 1
1212 2064 5
1213 1870 1
1213 1883 1
1214 1882 1
1214 2055 1
1215 1217 3
1215 1873 1
1215 2054 1
1216 1872 1
1216 1881 1
1217 1874 1
1217 2063 1
1218 1875 1
1218 2043 1
1219 2042 1
1219 2062 1
1220 1674 6
1220 2668 1
1220 4363 6
1221 1871 1
1221 1884 1
1222 2052 3
1222 2053 1
1224 4695 1
1228 2832 1
1228 3674 13
1229 1231 1
1229 1232 2
1230 1231 1
1231 1232 1
1233 1234 1
1234 1235 1
1234 2472 1
1237 1242 2
1237 4588 12
1237 4589 1
1238 2066 6
1239 1241 1
1240 1577 3
1240 1578 1
1240 3471 1
1241 1243 1
1241 3591 1
1242 3468 5
1242 3591 2
1243 2467 1
1244 3883 1
1245 1289 2
1245 4831 1
1246 1247 5
1246 4833 1
1246 4834 1
1247 1255 1
1247 1481 1
1248 1249 5
1248 1250 3
1248 1252 3
1248 1374 4
1248 1563 4
1249 1252 3
1249 1255 5
1249 4762 1
1250 1251 2
1250 1470 4
1250 4834 1
1251 1252 1
1251 1255 4
1253 1256 1
1254 1256 1
1256 1480 1
1256 4812 3
1257 1386 2
1258 1259 1
1258 4283 2
1260 1578 3
1260 3469 16
1261 2040 1
1261 2125 1
1262 2060 1
1262 2124 1
1263 2126 1
1263 2129 1
1264 2039 1
1264 2128 1
1266 1489 9
1266 1909 1
1266 1912 1
1266 2023 1
1267 1269 13
1267 1290 2
1267 4827 5
1268 1475 4
1268 4440 2
1268 4442 3
1269 1707 12
1269 4440 2
1270 1271 4
1270 1272 6
1270 4442 4
1270 4817 12
1272 1277 2
1272 1287 2
1272 1563 3
1273 1461 1
1274 1280 3
1275 1280 1
1275 4439 2
1276 1278 1
1276 1287 3
1277 1278 1
1278 1279 1
1280 1281 2
1281 1282 2
1281 1288 1
1282 1283 15
1284 1285 1
1284 1658 9
1285 1286 6
1285 4659 1
1287 1461 4
1288 1476 1
1288 4830 3
1289 1476 2
1289 4830 1
1290 1291 3
1292 1298 1
1292 1299 1
1292 3345 1
1293 1300 1
1293 1302 1
1293 1307 1
1294 1300 1
1294 1301 1
1294 1305 1
1295 1299 1
1295 1300 1
1295 1308 1
1296 1298 1
1296 1299 1
1296 1300 1
1297 1300 1
1297 1301 1
1297 1302 1
1300 1303 1
1300 1304 1
1301 1302 1
1303 1305 1
1303 1306 1
1304 1307 1
1304 1308 1
1305 1306 1
1307 1308 1
1309 3350 1
1310 1311 1
1310 1313 2
1310 1316 1
1310 1322 1
1311 1312 2
1311 1320 1
1312 1313 1
1312 1314 6
1313 1322 3
1313 3350 1
1314 1318 1
1314 1320 1
1315 1316 1
1315 1317 1
1315 1321 1
1316 1319 1
1317 1318 1
1317 1319 1
1318 1321 2
1319 1320 1
1321 1322 1
1323 3345 1
1324 1325 1
1326 3574 2
1327 3562 2
1328 3430 2
1329 2616 1
1329 2619 1
1330 2618 1
1330 2628 1
1331 2477 1
1331 2629 1
1331 2859 4
1332 1695 4
1332 2478 1
1332 2617 1
1333 3433 1
1333 3437 2
1333 3439 12
1334 3438 1
1335 1336 1
1335 3438 1
1336 1813 11
1336 3438 22
1337 1338 6
1337 1592 1
1337 3842 1
1338 1344 1
1339 1782 5
1339 3840 1
1340 3840 1
1341 1343 1
1342 1343 1
1342 1593 1
1342 1594 1
1343 1344 1
1345 1360 2
1346 3096 1
1347 3096 1
1348 4244 1
1349 1350 1
1350 1814 1
1350 2523 1
1353 2534 1
1354 2535 1
1355 1356 9
1356 3695 13
1357 1794 4
1357 3695 5
1359 2036 1
1359 2611 1
1360 3849 1
1361 1412 6
1361 1698 3
1361 1784 1
1362 4511 1
1363 1880 1
1363 1890 1
1364 3542 1
1364 4852 1
1365 3927 1
1366 2502 10
1366 2503 1
1366 2516 1
1368 4739 1
1369 1372 2
1369 1373 1
1369 1477 1
1370 1371 1
1370 1373 2
1371 1373 1
1371 1382 5
1372 1372 4
1374 1411 1
1374 1477 5
1374 4831 2
1375 1376 2
1375 1382 1
1375 1403 2
1376 1382 1
1377 1378 2
1377 1379 1
1377 1386 1
1378 1379 1
1378 1403 1
1379 1393 5
1380 1381 1
1380 1386 2
1381 1389 1
1383 1384 1
1383 1385 2
1383 1388 3
1384 1385 1
1384 1392 3
1385 1400 4
1388 1389 1
1390 1391 2
1390 1394 3
1391 4774 1
1392 1393 1
1392 1395 1
1393 1394 1
1394 1395 1
1395 1397 5
1396 1397 1
1396 1399 1
1396 1408 1
1397 1398 1
1398 1399 1
1398 1414 1
1399 1418 5
1400 1401 1
1400 1402 2
1401 1402 1
1401 1408 1
1402 1422 5
1403 1470 2
1403 1471 2
1404 1405 1
1405 1406 1
1405 1419 3
1406 1407 1
1408 1409 1
1410 4818 1
1412 1573 1
1412 1732 2
1414 1415 2
1415 1475 7
1415 1791 3
1416 1417 1
1417 1418 1
1417 1423 3
1418 1419 1
1419 1420 1
1421 1422 1
1422 1423 1
1423 1424 1
1425 2481 1
1426 3897 1
1427 2795 1
1427 2847 1
1427 4627 3
1428 2801 1
1429 4252 1
1429 4258 5
1430 3423 7
1430 3615 1
1430 3635 1
1431 4504 1
1432 3212 3
1433 2974 1
1434 2974 2
1435 1436 6
1435 1546 1
1435 1568 6
1436 1437 1
1436 1513 1
1436 1515 4
1437 1439 4
1437 1608 1
1438 3814 1
1441 1818 1
1441 1841 1
1442 1443 1
1442 1447 6
1443 1444 2
1443 1448 5
1444 1445 4
1444 1449 1
1445 1446 1
1445 1448 4
1446 1449 5
1447 1448 2
1449 4587 1
1450 1451 7
1452 1453 7
1454 2913 1
1455 2913 1
1457 1942 1
1458 1942 1
1459 1468 1
1459 4666 3
1459 4668 8
1460 1491 1
1461 1462 3
1463 1464 1
1464 4584 1
1465 1467 1
1465 1516 2
1465 2949 3
1466 4750 1
1468 4669 1
1469 2949 1
1470 1474 1
1471 1474 2
1471 1792 1
1472 1474 1
1473 1474 1
1475 1792 3
1475 4827 7
1476 4832 1
1477 1566 1
1478 4659 1
1479 3090 2
1480 4763 5
1480 4811 1
1481 4763 1
1481 4818 1
1483 1485 2
1483 3156 1
1484 3156 1
1485 3149 1
1486 1487 1
1486 3209 1
1488 1877 1
1488 1914 1
1488 2019 8
1489 1904 1
1489 1913 1
1493 1733 1
1493 3475 1
1493 3479 16
1494 3233 1
1494 3243 1
1495 2045 1
1496 2045 1
1497 4257 1
1498 4257 2
1498 4258 7
1499 1653 1
1500 1654 1
1501 1925 1
1502 4806 1
1503 4806 1
1504 1568 1
1504 1613 1
1504 1614 1
1505 1588 1
1506 1815 3
1507 1510 1
1507 1596 1
1507 1597 1
1508 1510 1
1508 1597 1
1508 1599 1
1509 1510 1
1509 1515 3
1512 3089 1
1512 3096 1
1513 1609 1
1513 1610 3
1514 1515 6
1516 1714 1
1516 1716 1
1518 3106 1
1518 3147 4
1519 2901 1
1519 3107 1
1519 3108 5
1520 4290 1
1521 1522 1
1521 2316 4
1521 2375 1
1522 2317 3
1523 1524 2
1523 1532 3
1524 2531 4
1525 1526 2
1525 1528 1
1526 1527 1
1526 2409 1
1527 1528 1
1527 2410 1
1528 2406 1
1529 1530 1
1529 1535 1
1529 4419 1
1530 1533 1
1530 1538 2
1531 1533 1
1531 1539 2
1531 1540 3
1532 2533 1
1533 1534 1
1534 1536 3
1534 1537 1
1535 1537 1
1535 4417 4
1536 1537 4
1536 2666 1
1539 1540 1
1539 4418 2
1540 2667 1
1541 1542 1
1541 1568 8
1541 1576 1
1542 1547 2
1543 4340 1
1544 4344 1
1545 2435 1
1546 1615 1
1546 2252 1
1547 1637 2
1549 1550 1
1549 1551 1
1549 4562 4
1552 1553 1
1552 1555 1
1552 1562 1
1553 1554 1
1553 1562 1
1554 1557 1
1554 1558 1
1555 1556 1
1555 1558 1
1556 1556 1
1557 1557 1
1558 4563 3
1559 1561 1
1560 1561 1
1561 1562 1
1563 1565 1
1564 1565 1
1565 1566 1
1567 1573 1
1567 1576 1
1567 1614 6
1569 1617 1
1570 1811 3
1571 1572 1
1572 3605 1
1572 4585 1
1573 1574 6
1574 1575 1
1574 1630 1
1575 1576 5
1577 1728 11
1577 3473 1
1579 3127 1
1579 3128 1
1580 1815 2
1580 1816 3
1581 1841 22
1581 2401 2
1581 2454 2
1582 1841 1
1583 1841 1
1584 1589 1
1584 1844 1
1585 1845 2
1586 3998 1
1587 3993 1
1588 4842 3
1589 1590 1
1590 2482 1
1591 3418 1
1597 1598 1
1604 4504 2
1606 1607 1
1608 1609 1
1608 1624 3
1610 1611 2
1610 2252 2
1611 1612 1
1611 1624 3
1613 1615 5
1613 1620 1
1614 1618 1
1615 1619 1
1616 2441 2
1616 2444 2
1617 4471 8
1618 1732 3
1618 1764 1
1619 1620 5
1619 1643 1
1620 1765 1
1621 1622 1
1621 1643 1
1621 1647 5
1622 1623 6
1622 2252 1
1623 1625 1
1623 2251 1
1624 1625 1
1625 1783 1
1626 1627 6
1626 2392 1
1626 2763 1
1627 1781 1
1627 2769 1
1628 1629 6
1628 1631 1
1628 1740 1
1629 1630 1
1630 1631 6
1631 1699 1
1632 1633 2
1632 1638 1
1632 1656 3
1632 1687 2
1633 1634 6
1633 1667 1
1634 1635 5
1634 1675 1
1634 1683 1
1635 1636 3
1635 1675 7
1636 1656 1
1636 1734 5
1638 1640 1
1638 1667 1
1639 1640 1
1639 1681 1
1639 1700 1
1640 1701 1
1641 1642 1
1641 1682 1
1641 1700 6
1642 1699 1
1642 1702 6
1643 1644 5
1644 1647 1
1644 1649 1
1647 2249 1
1648 1649 5
1648 1759 1
1648 1766 1
1649 1761 1
1650 1650 1
1650 1651 1
1651 1653 1
1651 4689 1
1652 1654 2
1652 1685 2
1652 3865 12
1653 1734 3
1654 4689 1
1655 1656 1
1657 3692 3
1657 4738 1
1657 4744 1
1658 1659 3
1659 1660 1
1659 4755 2
1661 4490 1
1662 1665 1
1662 3439 1
1662 4615 3
1663 1666 1
1663 4615 1
1663 4691 1
1664 1671 1
1664 1672 4
1665 1666 1
1666 3439 1
1667 1668 1
1668 1683 6
1668 1701 1
1669 1670 1
1669 1673 6
1669 1678 1
1670 1671 4
1670 1775 1
1671 1775 5
1672 1704 1
1672 2240 1
1673 1676 1
1673 1760 11
1673 2248 1
1674 2670 1
1674 4362 1
1675 1779 1
1676 1678 6
1676 3516 1
1676 3517 1
1677 1678 1
1679 3516 1
1680 4697 1
1681 1682 7
1681 2238 1
1681 2239 6
1682 1735 1
1683 1775 1
1684 1685 9
1684 1687 10
1684 1734 2
1685 1686 1
1686 1689 12
1687 1690 1
1688 1689 1
1688 1693 1
1690 1691 10
1691 4695 1
1692 1693 4
1692 1694 3
1692 1696 4
1693 1696 1
1693 1697 1
1695 2473 1
1695 2860 1
1696 1697 1
1698 1763 3
1698 2240 1
1699 1784 6
1700 1701 3
1702 1704 2
1702 1784 1
1703 1704 4
1705 1706 7
1705 4584 3
1705 4768 1
1706 1707 1
1708 4665 1
1709 4485 1
1710 4487 1
1711 1712 2
1711 4647 4
1711 4648 3
1712 2838 1
1712 2839 6
1713 1715 1
1713 1716 1
1713 1717 1
1714 1715 1
1714 1717 1
1715 1716 1
1715 1717 1
1718 1719 1
1720 1721 4
1722 4693 1
1722 4694 1
1722 4703 15
1723 1768 5
1724 3312 1
1725 2630 1
1726 3522 1
1726 3985 5
1726 3986 1
1727 1728 2
1728 3472 4
1731 1732 1
1733 3425 10
1733 3538 1
1735 1736 3
1735 1740 1
1736 1737 1
1736 1741 1
1737 2237 1
1737 2239 6
1738 3825 1
1739 3863 5
1739 4690 2
1740 1741 3
1741 1742 7
1742 1778 1
1742 1785 1
1743 4672 1
1745 2145 1
1746 1747 1
1746 3637 9
1746 3643 1
1747 3666 10
1748 1751 7
1748 1807 8
1748 3877 1
1748 3997 1
1749 1752 1
1749 1807 2
1749 3288 4
1750 3221 1
1750 3288 1
1750 3872 9
1751 3872 1
1751 3996 1
1752 1753 1
1752 3287 4
1753 1754 7
1754 3938 1
1755 1756 8
1755 3937 1
1756 3287 1
1756 3290 1
1757 1758 3
1757 1759 1
1757 1761 4
1759 2240 3
1760 1761 1
1760 2241 1
1762 4290 5
1763 1764 6
1763 1766 1
1764 1765 1
1765 1766 6
1767 3211 1
1769 1771 2
1769 1773 1
1769 1774 1
1770 1771 2
1770 1772 2
1770 1773 1
1771 1773 1
1772 1773 1
1772 1774 1
1776 1777 5
1776 2229 1
1776 2235 1
1776 2236 4
1777 1778 1
1777 4698 2
1778 2237 4
1779 1780 9
1781 2393 8
1781 3601 1
1782 1783 1
1782 3839 1
1783 2251 1
1786 1788 6
1787 1788 1
1787 1795 1
1788 1789 2
1789 2231 1
1789 4698 1
1790 3713 1
1792 1793 2
1795 2232 1
1796 2969 1
1796 3053 1
1797 1811 2
1797 3994 1
1798 2069 1
1798 2214 1
1798 2263 1
1799 3312 1
1799 3385 1
1800 1801 1
1801 1803 1
1802 1803 1
1803 4570 2
1804 4271 5
1805 3665 1
1806 3666 1
1807 3320 1
1808 1810 1
1808 3978 3
1808 3999 1
1809 3995 1
1809 3998 8
1809 3999 1
1810 3991 8
1810 3992 1
1810 3995 1
1811 1812 1
1811 3990 9
1812 3234 1
1812 4707 9
1813 3444 1
1814 2513 1
1814 2522 1
1815 4843 2
1816 1817 5
1817 1828 1
1817 1829 1
1817 1830 1
1818 1820 1
1819 1820 1
1819 1823 1
1819 1825 1
1819 1835 1
1820 1821 1
1820 1822 1
1821 1823 1
1821 1840 4
1822 1835 1
1822 1836 4
1823 1837 1
1824 1825 1
1824 1848 1
1825 1826 1
1825 1837 1
1826 1834 5
1826 1835 1
1827 1834 1
1827 1838 1
1827 1842 1
1828 1829 1
1828 1831 1
1829 1830 1
1830 1833 1
1831 1838 6
1831 1839 1
1832 1833 1
1833 1834 6
1837 1838 5
1842 1843 1
1843 1846 1
1843 1847 1
1844 1846 1
1844 1848 1
1845 1846 1
1845 1855 2
1847 1858 1
1847 1860 2
1848 1849 1
1849 1855 2
1850 1851 1
1850 1852 1
1850 1853 1
1851 1853 1
1851 1854 1
1852 1854 1
1853 1855 4
1856 1857 1
1856 1858 1
1856 1859 1
1857 1859 1
1857 1860 3
1860 4433 1
1861 1862 5
1861 4433 1
1861 4434 2
1863 3291 2
1864 3291 1
1865 1866 1
1865 4589 3
1865 4590 2
1866 2864 1
1866 4589 4
1866 4590 2
1867 1868 1
1867 2865 1
1867 4590 2
1868 1869 5
1868 2064 1
1869 1870 1
1870 2066 4
1871 2066 6
1871 4589 6
1872 1873 1
1872 1880 10
1873 1874 3
1874 1875 1
1875 1876 4
1876 1877 8
1876 2019 1
1877 1878 1
1878 1879 1
1879 1880 10
1881 1882 1
1881 1886 14
1882 1883 4
1883 1884 11
1884 1885 4
1885 1886 1
1885 4588 1
1886 2020 1
1887 1888 1
1887 1892 6
1888 1889 9
1888 4591 1
1889 1890 4
1889 2020 1
1890 1891 10
1891 1892 3
1893 1894 1
1893 1899 10
1894 1895 7
1895 1896 10
1896 1897 1
1896 3304 2
1897 1898 6
1897 1902 1
1898 1899 1
1898 1903 1
1900 1901 20
1900 1903 4
1901 1902 1
1901 2021 1
1902 1903 6
1904 1905 1
1904 1909 9
1905 1906 3
1906 1907 10
1907 1908 4
1908 1909 3
1908 1947 1
1910 1911 5
1910 1918 7
1911 1912 1
1911 1946 1
1912 4423 6
1913 1914 1
1913 4423 3
1914 1915 8
1915 1916 1
1915 2019 1
1916 1917 6
1917 1918 1
1918 2018 1
1919 1920 1
1919 1924 5
1919 1945 1
1920 1921 6
1921 1922 1
1921 2018 1
1922 1923 3
1923 1924 1
1924 1944 1
1925 1926 16
1925 1940 7
1926 1927 3
1926 1958 1
1927 1928 2
1927 1931 4
1928 1929 1
1928 2012 1
1929 1930 2
1930 1931 6
1930 2022 1
1930 2303 1
1931 1932 6
1932 1933 10
1934 1935 5
1935 1936 10
1936 1937 1
1936 4592 1
1937 1938 3
1937 1950 1
1938 1939 15
1938 1951 1
1939 1940 1
1939 1952 1
1940 1959 1
1941 1942 1
1941 1967 1
1942 1943 10
1943 1944 1
1943 1968 1
1944 1945 5
1945 1946 6
1946 2023 1
1947 1948 1
1947 2023 3
1949 1950 3
1949 2021 1
1950 1951 3
1951 1952 15
1952 1953 1
1953 1966 1
1954 1955 6
1954 1961 3
1954 2007 1
1955 1956 1
1955 2010 1
1956 2014 1
1956 4005 6
1957 1958 1
1957 2013 1
1957 4005 1
1958 4004 3
1959 1960 1
1959 4004 17
1960 1961 5
1960 1965 1
1961 1964 1
1962 1963 7
1962 1971 7
1962 1999 1
1963 1964 1
1963 2006 1
1964 1965 6
1965 1966 1
1966 1967 5
1967 1968 11
1968 1969 1
1969 1970 8
1969 2024 1
1970 1971 1
1971 1994 1
1972 1973 1
1972 1977 8
1973 1974 4
1974 1975 9
1975 1976 6
1976 1977 1
1978 1979 1
1978 1981 8
1979 1980 6
1980 1982 8
1980 2065 1
1981 1982 1
1983 1988 6
1983 2302 1
1984 1985 1
1985 1986 6
1985 2065 1
1986 1987 3
1986 1992 1
1987 1988 1
1987 1991 1
1988 2301 1
1989 1990 11
1989 2002 1
1990 2300 1
1991 1992 4
1991 1996 10
1992 1993 2
1993 1994 1
1994 1995 6
1995 2000 1
1996 2003 1
1997 1998 3
1997 2000 2
1998 1999 4
1999 2000 1
2001 2002 1
2001 2299 1
2002 2003 8
2004 2005 4
2005 2006 2
2006 2007 4
2007 2008 1
2008 2009 1
2009 2010 6
2010 2011 1
2011 2015 1
2012 2013 5
2012 2016 5
2013 2014 8
2014 2015 1
2016 2017 1
2016 2053 1
2022 2052 1
2024 2026 1
2025 2026 1
2025 2030 9
2026 2027 1
2027 2028 4
2027 2050 1
2028 2029 6
2028 2031 1
2029 2033 1
2029 3311 6
2030 3311 1
2031 2032 6
2031 2050 4
2032 2033 1
2033 2034 1
2034 2035 2
2035 2036 5
2036 2037 3
2037 2038 1
2038 2051 1
2039 2040 4
2039 2051 1
2040 2041 1
2041 2042 3
2042 2043 1
2043 2044 5
2044 2045 1
2045 2046 5
2046 2047 1
2047 2048 1
2048 2049 3
2049 2050 1
2054 2055 1
2054 2063 3
2055 2056 5
2056 2057 5
2057 2059 2
2057 2064 1
2058 2059 1
2058 2060 14
2059 2613 1
2060 2061 1
2061 2062 4
2062 2063 1
2067 2068 1
2068 2215 1
2068 2263 4
2069 2070 1
2069 2263 1
2070 2189 1
2070 2201 1
2071 2072 1
2071 2076 9
2071 2082 1
2072 2073 6
2073 2074 7
2073 3310 2
2074 2075 1
2074 2169 1
2075 2076 6
2075 2183 1
2076 2081 1
2077 2078 7
2077 2084 2
2077 2096 1
2078 2079 1
2078 2094 1
2079 2080 1
2079 2185 1
2080 2081 1
2080 2184 1
2081 2082 9
2082 2083 3
2083 2084 1
2084 2104 1
2085 2086 1
2085 2109 1
2086 2087 4
2086 3588 1
2087 2088 3
2087 2119 1
2088 2089 3
2088 2260 1
2089 2090 1
2090 2262 4
2091 2262 1
2092 2093 1
2093 2094 1
2093 2253 1
2094 2095 3
2095 2096 3
2096 2097 1
2097 2098 2
2097 2103 1
2099 2100 1
2099 2102 1
2100 2108 1
2101 2102 1
2101 2106 5
2101 2107 1
2102 2103 7
2103 2104 2
2104 2105 1
2105 2106 7
2106 2112 1
2107 2108 1
2107 2112 4
2108 2109 3
2109 2110 3
2110 2111 1
2110 2120 1
2111 2116 1
2111 4478 3
2112 4477 1
2113 2115 2
2113 4477 1
2113 4478 1
2114 2115 1
2115 2116 3
2116 2117 1
2117 2121 1
2118 2119 1
2118 2261 1
2119 3588 4
2120 2121 1
2120 3588 4
2122 2123 8
2122 2127 3
2122 2622 1
2123 2124 13
2124 2125 1
2125 2126 4
2126 2127 5
2128 2129 1
2128 2132 2
2129 2130 4
2130 2131 4
2131 2132 1
2131 2623 1
2133 2134 1
2133 2138 5
2133 2141 1
2134 2135 7
2135 2136 4
2135 3309 1
2136 2137 1
2136 2163 1
2137 2138 3
2137 2162 1
2138 2140 1
2139 2140 1
2139 2151 6
2139 2161 1
2140 2141 5
2141 2142 1
2142 4672 1
2143 2144 1
2143 3976 1
2143 4672 2
2144 2145 9
2145 3955 2
2145 4660 1
2146 2147 10
2146 4660 1
2147 2148 18
2147 2354 1
2148 2149 1
2148 2353 1
2149 2150 11
2149 2153 1
2150 2151 1
2150 3970 1
2151 2160 1
2151 3972 1
2152 2153 9
2152 2156 9
2152 2159 2
2153 2154 1
2154 2155 5
2154 2359 1
2155 2156 1
2155 2360 1
2156 2158 1
2157 2158 1
2157 2164 18
2157 2167 1
2158 2159 10
2159 2160 1
2160 2161 6
2161 2162 3
2162 2163 1
2163 2164 1
2164 2168 1
2165 2166 4
2165 2170 11
2165 2258 1
2166 2167 1
2166 2257 1
2167 2168 18
2168 2169 1
2169 2171 2
2170 2171 1
2170 2177 1
2171 2182 1
2172 2173 2
2172 2180 22
2172 2210 2
2173 2174 1
2173 2316 1
2174 2175 5
2174 2374 1
2175 2176 6
2175 2254 1
2176 2177 11
2176 2259 1
2177 2178 1
2178 2179 6
2178 2181 1
2179 2180 1
2179 2188 1
2180 2211 1
2181 2182 1
2181 2188 7
2182 2183 1
2183 2184 7
2184 2185 1
2185 2186 1
2186 2187 2
2186 2197 1
2187 2188 1
2187 2198 1
2189 2193 1
2190 2191 3
2190 2261 1
2191 2192 2
2191 2194 1
2192 2193 1
2192 2202 1
2194 2195 1
2194 2202 2
2195 2196 11
2195 2260 1
2196 2197 1
2196 2253 1
2197 2198 2
2198 2199 1
2199 2200 9
2199 2212 1
2200 2201 2
2200 2213 1
2201 2202 1
2203 2204 6
2203 2220 1
2204 2207 1
2204 2221 1
2205 2206 5
2205 2209 1
2205 2316 4
2206 2207 2
2206 2208 1
2207 2219 1
2208 2209 5
2208 2219 2
2209 2210 1
2210 2211 22
2211 2212 1
2212 2213 9
2213 2214 1
2214 2215 5
2215 2216 1
2216 2217 6
2216 2224 1
2217 2218 9
2217 2223 1
2218 2219 1
2218 2222 1
2220 2221 6
2220 3307 1
2221 2222 1
2222 2223 8
2223 2224 6
2224 2225 1
2227 4706 2
2228 2229 15
2228 4705 1
2229 2230 4
2229 4693 1
2230 4698 1
2231 2232 1
2231 2233 3
2233 2234 4
2235 2236 4
2236 2237 6
2236 2239 1
2238 2239 5
2241 2242 1
2241 2248 11
2242 2243 5
2242 2249 1
2243 2244 1
2243 2250 1
2244 2245 12
2244 3839 1
2245 2246 1
2245 3837 2
2246 2247 2
2246 3514 1
2247 2248 1
2247 3515 1
2249 2250 4
2250 2251 1
2254 2255 1
2254 2259 6
2255 2256 1
2255 2373 1
2256 2257 1
2256 2372 1
2257 2258 5
2258 2259 1
2264 2275 1
2264 2537 1
2265 2266 4
2265 2719 1
2266 2267 1
2266 2717 1
2267 2268 1
2267 2275 6
2268 2273 6
2268 2274 1
2269 2270 1
2269 2274 5
2270 2271 4
2271 2272 5
2272 2273 1
2272 2277 1
2273 2275 1
2274 2706 1
2276 2277 1
2276 2538 1
2276 2541 3
2277 2278 5
2278 4699 1
2279 2280 2
2279 2287 1
2279 4699 9
2280 2281 11
2281 2282 1
2281 2512 1
2282 2510 1
2282 4246 1
2283 2284 1
2283 2509 1
2283 4248 10
2284 2285 10
2284 2549 1
2285 2542 1
2285 2547 1
2286 2541 1
2286 2542 1
2286 2544 1
2287 2293 1
2288 2293 6
2288 4635 1
2289 4019 2
2289 4635 8
2290 2291 8
2290 4020 2
2291 2292 2
2292 2293 12
2294 2297 8
2295 4010 2
2296 2297 3
2296 2536 1
2296 4010 1
2298 2512 10
2298 2558 4
2299 2300 2
2299 4681 4
2300 2301 1
2301 2302 6
2303 4415 7
2303 4416 3
2304 2305 15
2304 2307 12
2305 2306 9
2305 2311 1
2305 2745 1
2306 2307 1
2306 2741 1
2307 2852 1
2308 2309 1
2308 2746 5
2308 2748 1
2309 2310 1
2310 2311 1
2312 3709 1
2313 2314 1
2313 2315 1
2313 3709 4
2317 2324 2
2317 4587 2
2318 2319 1
2318 2387 2
2318 4587 12
2319 2320 5
2319 2324 15
2320 2321 2
2320 2762 2
2321 2322 12
2321 2347 1
2322 2325 1
2322 2610 1
2323 2324 1
2323 2363 1
2323 2610 9
2325 2326 1
2325 2348 10
2326 2327 7
2326 2350 1
2327 2346 1
2327 2357 1
2328 2346 2
2328 2681 3
2328 4651 1
2328 4654 7
2329 2330 2
2329 2356 2
2329 2657 14
2329 4651 1
2330 2655 15
2331 2332 1
2331 2333 1
2331 2650 3
2332 2654 3
2332 4652 1
2333 2334 3
2333 2345 3
2334 2335 6
2334 2683 1
2335 2336 1
2335 2684 1
2336 2337 4
2336 2688 1
2337 2338 4
2337 2689 1
2338 2339 1
2338 2694 1
2339 2340 7
2339 2597 1
2340 2341 16
2340 2598 1
2341 2342 1
2341 2609 1
2342 2343 8
2342 2427 1
2343 2344 1
2343 2410 1
2344 2345 10
2344 2651 1
2345 2650 1
2346 2349 8
2347 2348 1
2347 2349 1
2348 2349 1
2350 2351 1
2350 2357 8
2351 2352 10
2351 2365 1
2352 2353 1
2352 2358 1
2353 2354 17
2354 2355 1
2355 2356 14
2355 2657 2
2356 2357 1
2358 2359 1
2358 2365 10
2359 2360 5
2360 2361 1
2361 2362 6
2361 2366 1
2362 2363 1
2363 2364 9
2364 2365 1
2364 2610 1
2366 2367 1
2366 3968 1
2367 2369 1
2367 2370 1
2368 2369 2
2368 2370 1
2368 2371 1
2369 2370 1
2371 2377 1
2371 2378 5
2372 2373 1
2372 2377 1
2373 2374 5
2374 2375 3
2375 2376 1
2376 2377 5
2376 2378 1
2378 3963 1
2378 3964 1
2379 2380 1
2379 3965 2
2380 3966 2
2380 3968 4
2381 2382 1
2381 4586 1
2382 2383 2
2382 2854 5
2383 2384 1
2383 2386 1
2384 2385 1
2384 2754 2
2385 2386 1
2385 2749 5
2386 2747 4
2387 4586 6
2388 2389 1
2388 2443 4
2388 2588 1
2389 2390 7
2389 2575 1
2390 2391 3
2390 4494 1
2391 3601 1
2391 4495 1
2392 2393 1
2392 2437 1
2393 3602 1
2394 2395 6
2394 2398 1
2394 2656 1
2395 2396 1
2395 2652 1
2396 2397 9
2396 2410 1
2397 2398 1
2397 2399 1
2398 2649 2
2399 2400 7
2399 2405 8
2400 2401 1
2400 2631 2
2401 2461 1
2402 2416 1
2402 2461 10
2402 4649 1
2403 2404 1
2403 2411 1
2403 4649 6
2404 2405 3
2404 2407 1
2405 2406 1
2406 2407 3
2406 2410 3
2407 2408 1
2408 2409 4
2408 2432 1
2409 2410 3
2409 2445 1
2411 2412 1
2411 2416 6
2412 2413 3
2412 2431 1
2413 2414 1
2413 2430 1
2414 2422 1
2414 2447 4
2415 2416 2
2415 2447 1
2417 2418 1
2417 2422 5
2417 2436 1
2418 2419 4
2418 2764 1
2419 2420 3
2419 2765 1
2420 2421 2
2420 4360 2
2421 2422 4
2421 2447 1
2423 2424 1
2423 2426 1
2424 2659 1
2425 2426 5
2425 2451 1
2427 2428 1
2427 2445 3
2428 2429 5
2428 2433 1
2429 2430 1
2429 2434 1
2430 2431 3
2431 2432 1
2432 2445 4
2433 2434 5
2433 2446 1
2434 2435 1
2435 2436 5
2436 2437 1
2437 2438 6
2438 2440 1
2438 2446 5
2439 2440 1
2439 2442 5
2439 2607 1
2440 3602 3
2441 3601 3
2441 3602 7
2442 2444 1
2442 2606 1
2443 2444 1
2443 2587 1
2446 2608 1
2448 2471 6
2448 2480 1
2448 2672 1
2449 2450 6
2450 2451 1
2450 2455 6
2452 2453 1
2452 2479 1
2452 2481 1
2453 2454 1
2453 2456 14
2454 2462 3
2455 2481 1
2455 2484 7
2456 2457 1
2456 3962 1
2457 2458 4
2457 2680 1
2458 2459 1
2458 2679 1
2459 2460 5
2459 2861 2
2460 2462 5
2461 2479 1
2462 2474 2
2463 2464 1
2463 2679 4
2464 2472 1
2464 2678 2
2464 2863 2
2465 2466 2
2465 2472 1
2465 4600 3
2466 2467 1
2467 2482 10
2468 2469 3
2468 2482 2
2469 2470 1
2470 2483 2
2470 4362 1
2471 2483 1
2471 2671 1
2473 2474 1
2473 2478 4
2474 2475 3
2475 2476 6
2476 2477 4
2476 2859 1
2477 2478 1
2484 4611 6
2485 2486 19
2485 2496 1
2486 2487 1
2486 2498 1
2487 2488 9
2487 2518 2
2488 2489 4
2488 2505 1
2489 2490 4
2490 2491 3
2490 2506 1
2491 2492 1
2491 2553 1
2492 2493 2
2493 2552 1
2494 2495 9
2494 4724 1
2495 3604 3
2496 2497 6
2497 2498 13
2498 2499 1
2499 2503 1
2500 2501 16
2500 2503 22
2501 2502 2
2501 3605 2
2502 2780 2
2504 2505 1
2504 2511 9
2504 2520 1
2505 2506 8
2506 2507 1
2507 2508 4
2507 2554 1
2508 2509 1
2508 2555 1
2509 2510 11
2510 2511 1
2511 2521 1
2512 2513 1
2513 4244 1
2514 4244 3
2514 4509 1
2515 2516 1
2515 2517 1
2515 2781 4
2516 2780 9
2517 2518 1
2517 4634 6
2518 2519 3
2519 2520 6
2520 2521 9
2521 2522 1
2522 2523 1
2523 2524 7
2524 2525 3
2525 4510 1
2525 4636 2
2526 2527 1
2526 2581 1
2526 4636 12
2527 2528 5
2527 4370 1
2528 2529 1
2529 2530 1
2530 2531 1
2530 4378 1
2531 2532 4
2532 2533 4
2532 4379 1
2533 2534 10
2533 4620 1
2534 2535 1
2535 4633 1
2536 2852 7
2537 2538 1
2538 2540 3
2539 2540 1
2539 2543 1
2540 2541 1
2542 2545 1
2543 2544 1
2544 2545 1
2546 2550 1
2547 2548 2
2548 2549 7
2549 2557 1
2550 2551 1
2550 2557 3
2551 2552 2
2551 2556 3
2552 2553 3
2553 2554 2
2554 2555 3
2555 2556 1
2556 2557 1
2558 2560 1
2558 4511 1
2559 2560 4
2559 2563 9
2559 2565 1
2560 2561 9
2561 2562 1
2562 2563 8
2563 2564 1
2564 2565 9
2564 2568 6
2565 2566 1
2566 2567 1
2566 4431 1
2567 2569 11
2567 2580 1
2568 2569 1
2568 2592 1
2569 2579 1
2570 2571 1
2570 2575 8
2570 4497 1
2571 4501 1
2572 2573 1
2572 4373 1
2573 2574 6
2573 2582 1
2574 2575 1
2574 2583 1
2576 2577 5
2576 2584 1
2577 2578 1
2577 2590 1
2578 2579 1
2578 2591 1
2579 2580 11
2580 2581 13
2581 2582 1
2582 2583 6
2583 2584 1
2584 2589 1
2585 2586 5
2586 2587 1
2586 2605 1
2587 2588 5
2588 2589 1
2589 2590 7
2590 2591 1
2591 2592 1
2592 2593 14
2593 2594 1
2594 2595 8
2595 2596 11
2596 2597 1
2596 2701 1
2597 2598 7
2598 2599 14
2599 2601 4
2599 2602 1
2600 2601 13
2601 2603 1
2602 2603 4
2602 2609 1
2603 2604 5
2604 2605 5
2604 4670 1
2605 2606 1
2606 4670 1
2607 4670 3
2607 4671 1
2608 2609 1
2608 4671 5
2611 2870 1
2611 4569 2
2612 2613 6
2612 2614 10
2613 2868 2
2614 2868 1
2615 2862 2
2615 2867 1
2615 4601 1
2616 2617 1
2616 4601 14
2617 2860 4
2618 2619 1
2618 2621 5
2619 2620 8
2620 2622 1
2621 2622 1
2623 2624 7
2623 2625 5
2624 2625 5
2626 2627 3
2626 2629 4
2626 2858 1
2626 2859 1
2627 2628 10
2628 2629 1
2630 2631 6
2630 2635 9
2631 2632 1
2632 2633 7
2633 2634 5
2633 2857 1
2634 2635 1
2636 2637 4
2636 2644 9
2637 2639 1
2639 2640 1
2640 2641 13
2640 2870 1
2641 2642 1
2641 2858 1
2642 2643 5
2642 2857 1
2643 2644 3
2644 2856 1
2645 2646 1
2645 2649 10
2646 2647 2
2646 2856 1
2647 2648 9
2648 2649 1
2650 2651 10
2651 2652 1
2652 2653 3
2653 2654 15
2653 2655 1
2655 2656 2
2656 2657 1
2658 2672 3
2659 2660 1
2659 2663 13
2660 2661 10
2660 4361 1
2661 2662 3
2661 2664 1
2661 4516 1
2662 2663 5
2663 2672 1
2664 2665 3
2664 4419 9
2665 4417 1
2665 4535 2
2666 2667 3
2666 4417 2
2667 2668 4
2667 4347 1
2668 4418 1
2669 2670 9
2670 2671 1
2671 2672 6
2673 2676 1
2673 3962 1
2673 4609 1
2674 2675 1
2674 4599 1
2674 4606 3
2675 2676 6
2675 3959 1
2676 3960 1
2677 2678 6
2677 2680 1
2677 3960 1
2678 3959 1
2679 2680 4
2681 2682 7
2681 2761 1
2682 2684 1
2682 2760 1
2683 2684 5
2683 4654 1
2685 2686 1
2685 2691 5
2685 2738 2
2686 2687 6
2686 2758 1
2687 2688 1
2687 2759 1
2688 2689 4
2689 2690 1
2690 2691 5
2690 2693 1
2691 2692 1
2692 2693 5
2692 2853 1
2693 2694 2
2694 2695 1
2695 2696 4
2695 2700 1
2696 2697 1
2696 2699 1
2697 2733 2
2697 2853 1
2698 2699 1
2698 2704 7
2698 2725 2
2699 2700 4
2700 2701 1
2701 2702 11
2702 2703 1
2703 2704 5
2705 2706 1
2705 2711 7
2705 2716 1
2706 2707 5
2707 2708 1
2708 2709 7
2709 2710 3
2710 2711 1
2711 2713 1
2712 2713 1
2712 2714 1
2712 2721 1
2713 2714 1
2715 2716 3
2715 2718 5
2716 2717 1
2717 2719 3
2718 2719 1
2718 2720 1
2720 2721 11
2721 2722 12
2722 2730 1
2722 2852 5
2723 2730 1
2723 2732 1
2723 4009 1
2724 2725 1
2724 2733 1
2724 4022 1
2725 2726 7
2725 4022 1
2726 2727 5
2727 2728 2
2728 2729 3
2729 2730 12
2731 2732 1
2731 2735 3
2731 2742 1
2732 2733 6
2733 4676 1
2734 2735 4
2734 2737 1
2734 4675 1
2735 2736 1
2736 2737 4
2736 2740 6
2737 2738 5
2738 2739 1
2739 2740 4
2739 2751 1
2740 2743 1
2741 2742 5
2741 2745 10
2742 4808 7
2743 2744 5
2744 2745 1
2744 2752 1
2746 2747 1
2746 2854 2
2747 2748 4
2748 2749 1
2749 2753 1
2750 2751 1
2750 2755 5
2750 2757 2
2751 2752 9
2752 2753 1
2753 2754 7
2754 2755 4
2755 2756 1
2756 2762 2
2756 4677 1
2757 2758 1
2757 4674 1
2758 2759 7
2759 2760 1
2760 2761 7
2761 4678 7
2762 4678 1
2763 2764 1
2763 2769 6
2764 2765 4
2765 2766 7
2766 2767 1
2766 4517 2
2767 2768 4
2767 4500 3
2768 2769 1
2768 4496 1
2770 2772 17
2770 2784 6
2771 2772 1
2771 2786 6
2772 2848 1
2773 2774 7
2773 2779 13
2773 2842 1
2774 2775 7
2774 2840 1
2775 2776 10
2775 2839 1
2776 2778 10
2776 4692 2
2777 2778 1
2778 2779 2
2778 3605 2
2779 2845 1
2780 2783 1
2781 2782 6
2781 4624 1
2782 2783 3
2782 4623 1
2783 2846 1
2784 2785 1
2784 4625 1
2785 2787 12
2785 3600 1
2786 2787 1
2787 2802 1
2788 2789 1
2788 2793 15
2788 2815 1
2789 2790 2
2789 3597 1
2790 2791 16
2790 4561 1
2791 2792 5
2791 4529 1
2792 2793 1
2793 2814 1
2794 2800 1
2794 4381 1
2795 2796 6
2796 2797 4
2797 2798 2
2797 4380 1
2798 4626 2
2799 2800 2
2799 2805 5
2799 2806 1
2800 2801 3
2801 3600 5
2802 2803 1
2802 3600 12
2803 2804 8
2804 2805 1
2805 2810 1
2806 2807 1
2806 2810 5
2807 2808 7
2807 4375 1
2808 2809 1
2808 4372 2
2809 2811 6
2809 4532 2
2810 2811 1
2812 2818 1
2812 4603 1
2813 2814 1
2813 4602 1
2814 4679 9
2815 2816 1
2815 4680 1
2816 2817 9
2816 4594 1
2817 2818 12
2817 4619 1
2818 2820 1
2819 2823 1
2819 4656 1
2820 2821 6
2820 4656 4
2821 2822 6
2821 4618 1
2822 2823 4
2822 4617 1
2823 2826 1
2824 2830 1
2824 4658 2
2825 2826 1
2825 4657 1
2826 2827 9
2827 2828 9
2827 4616 1
2828 2829 1
2829 2830 4
2829 2831 1
2830 2836 1
2831 2832 1
2831 2836 4
2832 2833 6
2833 2834 1
2833 3606 1
2834 2835 7
2834 2838 2
2835 2836 1
2835 2837 2
2837 2838 7
2837 2841 2
2839 2840 7
2840 2841 1
2841 2851 1
2842 2843 1
2842 2851 9
2843 2844 8
2844 2845 12
2845 2846 1
2846 2847 6
2847 2848 18
2848 2849 1
2849 2850 8
2850 2851 1
2854 2855 1
2860 2861 9
2861 2862 1
2862 4673 1
2863 2864 1
2863 4673 4
2864 2869 3
2865 2866 1
2865 2869 1
2866 2867 2
2871 4580 3
2871 4583 5
2872 3130 1
2873 3942 1
2874 3214 1
2874 3278 1
2875 2876 1
2875 2883 8
2875 2884 1
2876 2877 7
2876 3205 1
2877 2878 9
2877 3198 1
2878 2879 13
2878 3197 1
2879 2880 1
2879 3182 1
2880 2881 5
2880 2915 1
2881 2914 1
2882 2883 1
2882 2886 1
2883 2884 7
2884 2885 1
2885 2898 1
2887 2888 1
2887 2892 1
2888 2889 3
2888 3192 1
2889 2890 1
2889 3201 1
2890 3202 1
2891 2892 1
2893 2894 11
2893 3189 1
2894 2895 6
2894 3190 1
2894 3194 1
2895 2896 1
2895 3193 1
2897 2898 1
2897 3206 1
2899 2936 1
2899 3253 1
2900 2935 1
2900 2939 1
2901 3111 1
2902 2954 1
2902 2960 1
2903 2907 9
2903 2946 1
2903 2955 1
2904 2947 1
2904 2961 1
2905 2962 1
2905 3095 1
2906 2944 1
2906 3155 1
2907 2945 1
2907 2948 1
2908 2943 1
2908 3101 1
2908 3297 9
2909 2912 4
2909 3031 1
2909 3133 1
2910 3024 1
2910 3140 1
2911 3135 1
2911 3139 1
2912 3030 1
2912 3134 1
2913 2914 7
2914 2915 5
2915 2916 1
2916 2923 1
2916 3259 10
2917 2919 11
2917 2922 7
2918 2919 1
2919 2920 8
2920 2921 1
2920 3266 1
2921 2923 10
2921 3259 1
2922 2923 1
2922 3181 1
2924 2925 4
2924 2931 7
2924 2933 1
2925 2926 1
2925 2937 1
2926 2927 5
2926 3179 1
2927 2928 11
2928 2929 1
2929 2930 8
2929 3267 1
2930 2931 1
2931 2932 1
2932 2933 7
2932 3257 1
2933 2934 1
2934 2935 8
2935 2936 1
2936 3256 8
2937 2938 3
2937 2941 1
2938 2939 8
2939 2940 3
2940 2941 8
2941 3153 1
2942 2943 9
2942 2947 3
2942 3297 1
2943 2944 3
2944 2945 1
2945 2946 9
2946 2947 1
2948 2949 3
2948 2955 9
2949 2950 6
2950 2951 5
2950 3251 1
2951 2952 4
2951 3228 1
2952 2953 1
2952 3227 1
2953 2954 6
2954 2955 3
2956 2957 1
2956 2964 2
2956 3084 1
2957 2958 5
2958 2959 7
2958 4709 1
2959 2960 1
2960 2961 4
2961 2962 1
2962 2963 13
2963 2964 1
2964 3085 1
2965 2966 1
2965 2972 12
2965 2977 1
2966 2967 3
2966 2995 1
2967 2968 1
2967 2998 1
2968 2969 5
2969 2970 2
2970 2971 4
2971 2972 1
2971 4804 1
2972 2976 1
2973 2975 1
2973 3355 9
2973 4803 1
2974 2975 4
2974 3354 5
2975 2976 1
2976 2977 12
2977 2978 1
2978 3314 1
2978 3353 12
2979 2980 1
2979 3314 1
2979 3352 12
2980 2981 1
2980 2994 1
2981 2982 1
2981 2993 1
2982 2992 1
2982 4806 4
2983 2984 7
2983 2988 5
2983 2992 9
2984 2985 1
2984 4461 1
2985 2986 5
2986 2987 1
2987 2988 7
2987 3898 1
2988 2989 1
2988 3899 1
2989 2990 7
2989 3900 1
2990 2991 1
2990 3870 1
2991 3061 1
2991 3315 3
2992 3315 3
2993 2994 1
2993 3316 4
2994 2995 1
2995 2998 3
2996 2997 1
2996 3058 1
2996 3059 2
2997 3058 1
2997 4807 4
2998 4807 1
2999 3000 1
3000 3001 3
3000 3015 1
3001 3002 1
3002 3003 1
3003 3014 1
3004 3005 1
3004 3013 1
3005 3009 1
3006 3007 9
3006 3008 7
3006 3145 1
3007 3689 1
3008 3009 1
3008 3144 1
3010 3019 3
3010 4613 1
3011 4412 3
3011 4613 1
3012 3013 1
3012 4412 1
3014 3015 4
3015 3016 1
3016 3017 3
3017 3018 9
3017 3037 1
3018 3019 1
3018 3027 1
3019 3021 1
3020 3021 1
3020 3025 2
3021 3022 3
3022 3023 1
3023 3024 2
3024 3025 1
3026 3027 7
3026 3033 6
3026 3038 1
3027 3028 1
3028 3029 3
3029 3030 1
3030 3031 4
3031 3032 3
3032 3033 1
3033 3039 1
3034 3035 1
3034 3040 1
3034 3045 1
3035 3036 6
3036 3037 1
3037 3038 1
3038 3039 6
3039 3040 1
3040 3044 1
3041 3042 1
3041 3047 1
3042 3043 7
3042 3129 1
3043 3044 1
3043 3130 1
3044 3045 1
3045 3046 6
3046 3047 1
3048 3049 1
3048 3055 2
3048 3074 1
3049 3050 6
3049 3125 1
3050 3051 1
3050 3126 1
3051 3052 1
3052 3053 1
3053 3054 5
3054 3055 1
3055 3073 1
3056 3057 1
3056 3060 3
3056 3067 1
3057 3058 2
3059 3061 3
3059 3316 1
3060 3061 1
3060 3065 1
3062 3063 5
3062 3066 1
3062 3908 3
3063 3064 5
3064 3065 1
3065 3067 3
3066 3068 5
3067 3068 1
3069 3077 2
3069 3078 1
3069 3318 1
3070 3317 1
3070 3318 2
3071 3072 4
3071 3317 1
3072 3073 1
3073 3074 2
3074 3075 1
3075 3076 7
3075 3120 1
3076 3077 4
3077 3119 1
3078 3088 2
3078 3319 1
3079 3080 1
3079 3319 5
3080 3081 1
3080 3086 3
3081 3082 2
3082 3939 1
3083 3084 1
3083 3940 1
3084 3085 3
3085 3086 1
3086 3087 1
3087 3088 7
3089 3090 6
3089 3113 1
3090 3091 4
3091 3092 1
3091 3118 1
3092 3093 7
3093 3094 1
3094 3095 13
3095 3096 5
3097 3098 3
3097 3105 3
3097 3110 1
3098 3099 1
3098 3112 1
3099 3100 4
3100 3101 9
3100 3297 1
3101 3103 1
3102 3103 1
3103 3104 3
3104 3105 1
3105 3107 1
3106 3107 2
3106 3158 1
3108 3109 3
3108 3147 3
3109 3111 6
3110 3111 2
3110 4643 1
3112 3113 1
3112 4643 2
3113 3114 2
3114 3115 6
3114 3117 1
3116 3117 6
3117 3118 6
3118 3119 1
3119 3120 9
3120 3121 1
3121 3122 11
3123 3124 11
3124 3125 1
3125 3126 6
3126 3127 1
3127 4637 11
3128 3129 1
3128 3136 11
3129 3131 7
3130 3131 1
3131 3132 1
3132 3133 3
3133 3134 4
3134 3135 1
3135 3136 7
3136 4638 1
3137 3138 1
3138 3139 6
3139 3140 1
3140 3141 3
3141 3142 2
3142 3143 5
3143 3144 1
3144 3145 7
3145 3687 3
3146 3147 3
3146 3687 9
3148 3149 1
3148 3159 4
3148 4728 1
3149 3150 2
3149 4728 1
3150 3151 11
3150 4728 1
3151 3152 3
3151 4383 1
3152 3153 1
3152 3178 1
3153 3154 8
3154 4408 10
3155 4408 1
3155 4410 1
3156 3157 3
3156 4409 3
3157 3158 1
3158 3160 3
3159 3160 1
3159 3176 1
3160 3165 1
3161 3162 1
3161 3164 4
3161 3168 1
3162 3163 7
3163 3165 2
3164 3165 1
3164 3167 1
3166 3167 1
3166 3173 8
3166 3175 1
3167 3168 4
3168 3169 13
3169 3170 9
3170 3171 1
3171 3172 16
3172 3173 1
3173 3174 1
3174 3175 8
3174 4456 3
3175 3176 1
3176 3177 17
3177 3178 2
3177 4309 1
3178 3179 1
3179 3180 6
3180 3181 8
3180 4307 1
3181 3182 1
3182 3183 9
3183 3184 4
3184 3196 1
3184 4459 1
3185 3186 1
3185 3195 1
3185 4454 1
3186 3191 1
3186 4456 6
3187 3188 16
3187 3191 9
3189 3190 11
3190 3191 1
3192 3193 2
3192 3201 3
3193 3194 6
3194 3195 1
3195 3196 7
3196 3197 1
3197 3198 9
3198 3199 1
3199 3200 5
3199 3204 1
3200 3201 1
3200 3203 1
3202 3203 1
3203 3204 5
3204 3205 6
3205 3206 1
3207 3208 1
3207 3262 1
3207 3511 1
3208 3209 1
3209 3210 1
3209 3264 1
3210 3211 1
3211 3212 3
3213 3214 1
3213 3215 1
3215 3216 1
3216 3217 5
3216 3278 1
3217 3218 1
3217 3258 1
3218 3265 1
3219 3283 1
3219 3994 6
3220 3221 9
3220 3872 1
3220 3991 1
3221 3222 1
3222 3223 7
3222 3289 1
3223 4639 1
3224 3225 8
3224 4641 4
3225 3283 1
3226 3227 1
3226 3231 11
3227 3228 4
3228 3229 1
3229 3230 12
3230 3232 5
3231 3232 1
3233 3234 3
3233 3235 6
3234 3235 2
3236 3237 5
3236 3240 9
3236 3284 1
3237 3238 11
3237 3285 1
3238 3239 6
3239 3240 1
3240 3286 1
3241 3242 4
3241 3248 9
3241 3284 1
3242 3243 7
3243 3244 6
3244 3245 1
3245 3246 5
3246 3247 1
3247 3248 3
3248 3286 1
3249 3250 12
3249 3255 4
3250 3251 4
3251 3252 1
3252 3253 4
3253 3254 8
3254 3255 1
3256 3257 8
3258 3259 1
3258 3278 5
3260 3261 5
3260 3269 6
3260 3271 1
3261 3262 1
3261 3272 1
3262 3263 1
3263 3264 1
3265 3266 1
3266 3267 9
3267 4663 4
3268 3269 1
3268 4663 4
3269 3270 1
3270 3271 6
3270 3277 1
3271 3272 5
3272 3273 1
3273 3274 1
3273 3510 1
3274 3275 1
3275 3276 11
3275 3285 1
3276 3277 2
3279 3280 3
3279 3282 6
3280 3281 1
3280 3296 1
3281 3282 2
3284 3286 9
3287 3288 1
3289 3290 1
3289 3296 11
3290 3291 4
3291 3292 3
3292 3293 5
3293 3294 7
3293 4709 1
3294 3295 5
3295 3296 1
3298 3299 2
3298 3437 3
3299 3300 6
3299 3302 1
3300 3303 2
3300 4592 5
3301 3302 1
3301 3436 1
3301 3444 5
3302 3303 7
3303 3304 1
3304 3305 11
3305 4591 1
3306 4592 4
3307 3308 1
3307 4438 4
3308 4438 4
3309 3310 1
3309 4479 1
3312 3384 1
3313 4803 1
3313 4804 1
3315 3316 1
3320 3876 1
3320 3877 8
3321 3907 1
3321 3908 10
3322 3323 2
3322 3329 3
3323 3324 3
3323 3342 1
3324 3325 1
3324 3343 1
3325 3326 7
3326 3327 1
3327 3328 1
3328 3329 4
3329 3341 1
3330 3331 6
3330 3336 1
3331 3332 1
3332 3333 1
3333 3334 2
3333 3372 1
3334 3335 7
3334 3371 1
3334 3927 2
3335 3336 1
3335 3928 2
3336 3934 1
3337 3338 7
3337 3347 4
3338 3339 1
3338 3351 1
3339 3340 1
3339 3356 1
3340 3341 1
3340 3357 1
3341 3342 6
3342 3343 3
3343 4746 1
3344 3345 5
3344 4746 1
3345 3346 3
3346 3347 1
3347 3349 1
3348 3349 1
3348 3934 1
3348 4462 5
3349 3350 6
3350 3351 4
3351 3352 1
3353 3354 1
3354 3355 1
3355 3356 1
3356 3357 1
3357 3358 1
3358 3359 3
3358 3386 10
3359 4730 2
3360 3361 4
3360 4730 1
3361 3362 2
3362 3363 3
3362 3401 1
3363 3390 2
3364 3365 4
3365 3366 1
3366 3367 1
3367 3368 9
3368 3369 1
3369 3370 5
3369 3373 1
3370 3374 1
3370 3398 1
3371 3372 3
3371 3948 1
3372 3373 1
3373 3952 2
3373 3953 2
3374 3375 1
3374 3946 3
3375 3376 2
3375 3378 1
3376 3377 1
3376 3947 3
3377 3378 2
3377 3381 4
3378 3379 1
3379 3380 4
3379 3397 1
3380 3381 1
3380 3396 1
3381 3409 1
3382 3383 4
3383 4473 3
3384 3385 1
3384 4473 2
3384 4474 1
3385 4804 3
3386 3387 10
3386 4803 3
3387 3942 1
3388 3504 1
3388 3943 1
3388 4745 1
3389 3390 1
3390 3402 1
3391 3392 1
3391 3404 1
3392 3393 1
3393 3394 6
3394 3412 1
3395 3396 1
3395 3407 4
3395 3410 1
3396 4668 3
3397 3398 1
3397 4668 1
3398 4667 3
3399 3400 1
3399 4666 3
3400 3401 1
3401 4664 1
3402 3403 3
3402 4664 4
3403 3404 1
3403 4749 1
3404 3405 1
3405 4669 2
3405 4750 1
3406 3407 1
3406 4669 3
3407 3411 1
3408 3409 1
3408 4467 4
3409 3410 1
3410 3411 4
3411 3412 1
3413 3414 3
3413 3480 1
3415 3416 9
3415 3625 1
3416 3417 1
3416 3926 1
3417 3419 2
3418 3419 5
3420 3422 6
3420 3423 3
3421 3422 1
3422 3424 7
3423 3476 2
3424 3598 2
3424 4594 1
3425 3552 5
3425 4846 1
3426 3427 5
3426 3478 1
3426 3572 1
3427 3428 1
3427 3477 1
3428 3429 1
3428 3431 12
3429 3430 22
3430 3562 4
3431 3553 2
3431 3923 1
3432 3433 1
3432 3434 1
3432 3462 12
3433 3440 12
3434 3441 1
3435 3436 1
3435 3441 1
3435 3450 13
3436 3449 13
3438 3462 18
3439 3440 1
3440 3862 2
3441 3445 10
3442 3445 2
3442 3454 5
3443 3462 1
3443 3463 23
3444 3461 13
3445 3448 3
3446 3448 4
3446 3450 1
3446 3454 1
3447 3448 1
3449 3450 2
3451 3452 7
3451 3581 4
3452 3453 1
3452 3470 2
3453 3460 18
3453 3468 1
3454 3458 1
3455 3456 2
3455 3457 2
3456 3457 4
3456 3464 19
3457 3458 6
3458 3459 8
3459 3460 1
3460 3461 1
3463 3464 1
3463 3465 2
3463 4272 10
3464 3467 1
3465 3466 1
3465 3574 6
3466 3467 2
3466 3576 6
3466 3585 7
3467 3575 6
3468 3469 2
3469 3591 5
3470 3580 11
3471 4363 1
3471 4684 7
3472 4348 1
3472 4684 4
3473 3595 1
3474 3599 3
3474 4841 9
3474 4842 1
3475 3479 15
3476 3477 1
3476 3598 16
3477 3478 5
3478 3479 1
3480 3481 1
3481 3482 1
3481 4612 11
3482 3483 9
3482 3495 1
3483 3484 1
3483 3494 1
3484 3485 1
3484 3493 1
3485 3507 1
3485 3624 1
3486 3487 7
3486 3493 1
3486 3496 1
3487 3488 1
3487 3499 1
3488 3489 2
3488 3503 1
3489 3490 1
3489 3686 1
3490 3491 7
3490 3683 1
3491 3492 1
3492 3493 8
3492 3506 1
3494 3495 8
3494 3496 1
3495 3625 1
3496 3497 1
3497 3498 3
3498 3499 2
3499 3500 1
3500 3501 14
3500 3502 1
3501 3627 2
3502 3503 1
3502 3627 15
3503 3686 1
3504 3505 1
3506 3507 7
3506 3509 1
3507 3929 3
3508 3509 1
3508 3918 6
3508 3922 1
3509 3917 6
3510 3512 1
3510 4707 8
3511 3512 1
3513 3521 1
3513 3526 2
3513 3813 6
3513 3814 5
3515 4700 4
3516 3517 1
3518 3722 1
3519 3548 10
3520 3589 1
3520 3590 1
3520 3882 2
3521 3522 1
3521 3830 5
3522 3523 2
3523 3524 1
3523 3850 9
3524 3525 1
3524 3831 3
3525 3526 1
3525 3809 3
3526 3804 7
3527 3528 6
3527 3531 6
3527 3619 1
3528 3529 5
3528 3620 1
3529 3530 1
3529 3622 1
3530 3531 9
3530 3623 1
3531 3618 1
3532 3535 1
3532 3536 1
3532 3545 13
3533 3536 5
3533 3546 8
3534 3554 2
3534 3563 1
3534 4845 1
3535 3541 8
3535 4845 1
3536 4844 1
3537 3539 1
3537 3540 1
3537 3551 1
3538 3540 8
3539 4729 1
3539 4845 7
3540 3541 1
3541 3543 8
3542 4421 3
3542 4843 3
3544 3545 1
3544 4420 5
3544 4855 1
3545 3546 1
3546 4857 1
3547 3583 1
3547 4855 1
3547 4856 1
3548 4856 1
3548 4857 1
3549 3550 1
3549 3921 5
3549 4729 1
3550 3551 1
3550 3559 9
3551 3552 8
3552 3568 1
3553 3561 11
3553 3924 1
3554 3561 1
3554 4729 7
3555 3556 1
3557 3569 1
3557 3570 1
3557 3921 17
3558 3569 1
3560 3561 1
3560 3921 1
3560 3924 11
3562 3563 3
3563 3564 1
3564 3589 9
3564 4844 1
3565 3566 5
3565 3572 1
3565 4846 4
3566 3567 1
3566 3571 1
3567 3568 1
3567 3569 1
3568 4846 4
3570 3571 1
3570 3923 5
3571 3572 6
3573 4572 2
3573 4857 10
3574 4856 6
3575 3576 2
3575 3581 3
3576 3582 1
3577 3578 1
3577 3580 1
3577 4854 13
3578 3579 1
3579 3582 1
3580 3581 2
3582 4563 8
3583 3586 7
3584 3587 7
3585 4562 2
3589 4571 11
3590 4573 1
3590 4844 9
3592 3593 1
3592 3599 1
3594 3595 1
3596 4348 1
3596 4354 1
3596 4357 7
3597 3598 1
3597 4357 15
3599 4280 1
3603 3604 1
3607 3610 1
3607 3628 1
3607 3632 10
3608 3609 5
3608 3610 1
3608 3630 1
3609 3611 1
3609 3621 1
3610 3611 5
3610 3612 11
3611 3612 1
3612 3614 1
3613 3614 1
3613 3620 4
3613 3621 1
3614 3615 1
3615 3619 6
3616 3617 1
3616 3636 7
3617 3618 1
3617 3668 8
3618 3623 9
3619 3620 5
3621 3622 9
3622 3644 1
3623 3639 1
3624 3930 3
3625 4469 1
3626 3627 2
3626 4253 11
3628 3629 13
3630 3637 1
3630 3643 9
3631 3632 1
3631 3637 10
3633 3634 2
3633 3656 1
3633 3658 1
3634 3931 8
3636 3670 1
3638 3639 1
3638 3640 1
3638 3650 13
3639 3654 7
3640 3641 6
3640 3644 1
3641 3642 1
3641 3661 13
3642 3643 1
3642 3644 6
3645 3646 1
3645 3650 1
3645 3655 4
3646 3647 1
3646 3678 7
3647 3648 1
3647 3677 7
3648 3649 1
3648 3913 11
3649 3651 1
3649 3914 11
3650 3652 1
3651 3652 1
3651 3657 6
3652 3662 6
3653 3673 13
3653 4256 5
3654 3655 1
3654 3668 8
3655 3667 8
3656 3657 1
3656 3932 11
3657 3662 1
3658 3659 9
3658 3664 1
3659 3660 1
3659 3928 1
3660 3664 9
3661 3662 1
3661 3663 1
3663 3664 1
3663 3665 1
3665 3666 1
3667 3668 1
3667 3669 1
3669 3670 1
3669 3671 4
3670 3672 3
3671 3672 1
3671 3678 1
3672 3673 1
3673 3674 2
3674 3675 1
3675 3676 1
3675 3679 12
3676 3677 1
3676 3682 11
3677 3678 1
3679 3680 1
3679 3685 6
3680 3681 1
3680 3684 7
3681 3682 1
3681 3911 7
3682 3912 7
3683 3684 1
3683 3922 7
3684 3685 1
3685 3686 1
3688 3689 1
3689 3690 1
3691 4688 1
3692 4752 1
3692 4820 1
3693 4576 1
3696 3697 1
3696 3701 1
3697 3699 2
3697 4665 2
3698 3699 4
3700 3701 2
3702 3704 7
3702 3880 1
3702 4662 2
3703 3704 1
3703 3712 2
3703 3818 2
3704 3705 6
3705 3824 1
3705 3879 3
3706 3713 1
3706 3716 5
3706 4464 1
3707 3708 8
3707 3712 5
3708 3709 3
3708 4573 1
3709 3710 2
3710 3711 1
3710 3881 1
3711 3712 8
3711 4662 1
3712 3713 1
3714 3715 3
3714 4464 5
3715 3716 1
3715 4572 1
3717 3718 4
3717 3721 1
3718 3719 3
3718 3720 1
3719 3811 2
3720 3721 4
3720 3724 4
3721 3722 4
3722 3723 5
3723 3724 1
3723 3729 2
3724 3812 2
3725 3726 4
3725 3729 5
3725 3784 2
3726 3727 1
3726 3790 2
3727 3728 2
3727 3806 2
3728 3729 1
3728 3805 2
3730 3743 1
3730 3863 1
3730 4690 5
3731 3732 1
3731 3735 8
3731 3739 1
3732 3733 4
3732 3758 1
3733 3734 4
3733 3835 1
3734 4475 1
3734 4476 1
3735 3741 1
3735 4475 1
3736 3737 4
3737 3738 1
3737 3765 1
3738 3739 2
3738 3757 1
3739 3741 8
3740 3741 1
3740 3772 1
3740 3798 1
3742 3743 1
3742 3750 3
3742 3862 1
3743 3744 5
3744 3745 6
3744 4690 1
3745 3746 1
3745 3838 1
3746 3747 5
3747 3748 1
3748 3749 10
3748 3761 1
3749 3750 4
3749 3763 1
3750 3752 1
3751 3752 7
3751 3754 3
3751 3779 1
3752 3753 3
3753 3754 6
3753 3764 1
3754 3755 1
3755 3756 1
3755 3764 6
3756 3757 7
3756 3769 1
3757 3758 4
3758 3759 1
3759 3760 1
3759 3836 1
3760 3761 2
3760 4702 1
3761 3762 1
3762 3763 8
3763 3764 1
3765 3766 3
3765 3769 6
3766 3767 6
3766 3775 1
3767 3768 3
3767 3776 1
3768 3769 1
3768 3780 1
3770 3771 2
3770 3778 2
3770 3793 1
3771 3772 1
3771 3794 1
3772 3774 3
3773 3774 1
3774 3775 1
3775 3776 6
3776 3777 3
3777 3778 1
3777 3781 1
3778 3788 1
3779 3780 3
3779 3783 6
3780 3781 7
3781 3782 2
3782 3783 1
3782 3787 1
3783 4276 1
3784 3785 1
3784 3790 4
3785 3786 8
3785 4273 2
3786 3787 1
3786 4275 1
3787 3788 4
3788 3789 9
3789 3790 1
3789 3792 2
3791 3792 1
3791 3796 2
3791 3807 2
3792 3793 9
3793 3794 2
3794 3795 1
3795 3796 8
3795 3797 1
3796 3803 1
3797 3798 1
3797 3803 8
3798 3799 4
3799 3800 1
3799 4476 1
3800 3801 5
3800 3833 1
3801 3802 1
3801 3832 1
3802 3803 3
3802 3808 2
3804 3805 1
3804 3813 2
3805 3806 2
3806 3807 1
3807 3808 7
3808 3809 1
3809 3831 1
3810 3811 1
3810 3815 6
3810 3819 1
3811 3812 9
3812 3813 1
3814 3815 4
3814 3830 1
3815 3820 1
3816 3817 5
3816 3821 2
3816 3822 1
3817 3818 1
3817 3823 1
3818 3819 2
3819 3820 6
3820 3821 1
3821 3828 1
3822 3823 4
3822 3825 5
3823 3824 6
3824 3825 1
3825 3826 2
3826 3989 5
3826 3999 11
3827 3828 2
3827 3989 1
3827 4482 8
3828 4483 1
3829 3830 4
3829 3982 4
3829 4483 1
3829 4484 1
3830 3984 3
3832 3833 5
3832 3849 5
3833 3834 1
3834 3847 1
3834 3848 3
3835 3847 5
3835 4568 1
3836 4566 5
3839 3841 6
3840 3841 2
3842 3843 1
3843 3844 1
3843 4566 8
3844 3845 5
3844 4565 8
3845 3846 1
3846 4565 1
3847 4567 2
3848 3849 1
3850 3861 2
3851 3852 1
3851 3859 2
3852 3853 5
3852 3858 2
3853 3854 1
3853 3857 2
3854 4487 3
3855 3856 6
3856 3857 1
3857 3858 5
3858 3859 1
3858 4289 5
3859 3860 5
3860 3861 1
3861 3986 7
3862 4276 19
3863 3864 1
3864 4615 1
3864 4691 2
3865 4688 10
3865 4691 4
3866 3867 4
3866 3885 3
3867 3868 4
3868 3869 1
3869 3871 3
3870 3871 1
3870 3900 6
3873 3874 1
3873 3884 4
3873 4725 2
3874 3875 7
3874 4726 1
3875 3876 3
3875 3905 2
3876 3907 2
3877 4012 1
3878 3879 1
3878 4012 5
3878 4437 2
3879 3880 5
3880 3881 3
3881 3882 7
3882 4727 11
3883 3884 2
3883 4727 1
3884 3891 2
3885 3892 1
3886 3887 3
3886 3895 1
3886 4424 4
3887 3888 3
3888 3889 3
3889 3890 1
3890 3891 4
3890 4725 1
3891 4424 1
3892 3893 3
3893 4850 1
3894 3895 2
3894 4851 10
3895 3896 10
3896 3897 1
3896 4847 2
3897 4851 1
3898 3899 7
3898 4848 1
3899 3900 1
3901 3902 1
3901 4570 1
3902 3903 4
3903 3904 6
3904 3905 5
3904 4414 1
3905 3906 2
3906 3907 1
3908 4570 3
3909 3910 1
3909 3920 1
3909 3929 14
3910 3930 15
3910 3931 1
3911 3912 1
3911 3918 1
3912 3913 1
3913 3914 1
3914 3915 1
3915 3916 1
3915 3919 7
3916 3917 1
3916 3920 7
3917 3918 1
3919 3920 1
3919 3932 1
3923 3924 1
3925 3926 6
3926 4469 7
3927 3928 8
3929 3930 1
3931 3932 1
3933 3934 1
3933 4466 2
3935 3936 1
3937 3938 2
3939 3940 1
3941 4473 1
3942 3943 1
3943 4745 1
3944 3945 1
3944 3946 1
3944 3947 1
3945 3951 1
3945 3953 1
3946 3952 1
3947 3948 2
3948 3954 1
3949 3950 1
3950 3951 1
3950 3954 1
3951 3954 1
3952 3953 1
3956 3957 1
3957 3958 1
3957 4660 2
3959 3960 6
3960 3962 1
3961 3962 1
3961 4609 1
3961 4611 1
3963 3964 1
3963 3965 1
3964 3966 1
3965 3966 1
3967 3968 1
3969 3970 1
3970 3977 1
3971 3972 1
3972 3977 1
3973 3974 1
3973 3975 1
3973 3976 1
3974 3975 1
3974 3976 1
3975 3977 1
3978 3990 1
3979 3980 1
3979 3983 1
3980 3987 3
3981 3985 1
3981 3986 5
3982 3983 3
3982 3987 1
3982 4482 1
3983 3984 1
3984 3985 1
3987 4481 1
3988 3989 6
3988 4481 3
3991 3992 8
3992 3993 1
3993 3994 12
3995 3996 7
3996 3997 7
3997 4011 4
3998 4437 1
4000 4001 5
4000 4003 2
4001 4002 2
4002 4003 5
4003 4006 4
4004 4005 3
4007 4008 1
4009 4022 4
4011 4437 1
4013 4014 1
4013 4055 1
4014 4015 1
4014 4021 1
4015 4018 2
4015 4019 1
4015 4132 1
4016 4017 1
4016 4134 1
4017 4018 2
4017 4134 2
4018 4020 1
4018 4133 1
4019 4020 2
4023 4032 1
4023 4033 1
4023 4037 1
4023 4046 1
4024 4049 1
4024 4050 1
4024 4052 1
4024 4053 1
4025 4078 1
4025 4082 1
4025 4083 1
4025 4085 1
4026 4106 1
4026 4108 1
4026 4115 1
4026 4128 1
4027 4028 1
4027 4031 1
4027 4035 1
4028 4032 1
4028 4036 1
4029 4030 1
4029 4033 1
4029 4038 1
4030 4034 1
4030 4039 1
4031 4032 1
4031 4087 1
4032 4045 1
4033 4034 1
4033 4047 1
4034 4093 1
4035 4036 1
4035 4040 1
4036 4037 1
4036 4041 1
4037 4038 1
4037 4044 1
4038 4039 1
4038 4042 1
4039 4043 1
4040 4041 1
4040 4124 1
4041 4095 1
4042 4043 1
4042 4097 1
4043 4123 1
4045 4046 1
4045 4087 1
4046 4047 1
4046 4126 1
4047 4093 1
4048 4049 1
4048 4056 1
4048 4093 1
4049 4057 1
4049 4119 1
4050 4051 1
4050 4058 1
4050 4091 1
4051 4059 1
4051 4122 1
4052 4091 1
4052 4119 1
4052 4127 1
4053 4054 1
4053 4061 1
4053 4062 1
4054 4090 1
4054 4120 1
4055 4132 1
4056 4057 1
4056 4060 1
4057 4061 1
4058 4059 1
4058 4062 1
4059 4063 1
4060 4061 1
4060 4092 1
4061 4120 1
4062 4063 1
4062 4090 1
4063 4121 1
4064 4065 1
4064 4076 1
4064 4081 1
4065 4077 1
4065 4082 1
4066 4067 1
4066 4079 1
4066 4083 1
4067 4080 1
4067 4084 1
4068 4069 1
4068 4105 1
4068 4116 1
4069 4108 1
4069 4117 1
4070 4071 1
4070 4109 1
4070 4116 1
4071 4110 1
4071 4117 1
4072 4073 1
4072 4106 1
4072 4114 1
4073 4113 1
4073 4122 1
4074 4075 1
4074 4107 1
4074 4114 1
4075 4112 1
4075 4113 1
4076 4077 1
4076 4086 1
4077 4078 1
4077 4103 1
4078 4079 1
4078 4099 1
4079 4080 1
4079 4088 1
4080 4104 1
4081 4082 1
4081 4087 1
4082 4102 1
4083 4084 1
4083 4089 1
4084 4105 1
4085 4089 1
4085 4098 1
4085 4102 1
4086 4103 1
4086 4139 1
4087 4102 1
4088 4099 1
4088 4104 1
4088 4141 1
4089 4105 1
4090 4121 1
4090 4144 1
4091 4122 1
4092 4120 1
4092 4143 1
4093 4119 1
4094 4095 1
4095 4097 1
4095 4124 1
4096 4097 1
4097 4123 1
4098 4126 1
4098 4128 1
4099 4103 1
4100 4123 1
4101 4124 1
4103 4140 1
4104 4145 1
4105 4108 1
4106 4122 1
4107 4111 1
4107 4112 1
4109 4110 1
4109 4131 1
4110 4111 1
4111 4115 1
4111 4129 1
4112 4130 1
4113 4114 1
4114 4115 1
4115 4117 1
4116 4117 1
4118 4121 1
4120 4142 1
4123 4125 2
4124 4125 2
4125 4213 1
4126 4127 1
4127 4128 1
4129 4136 1
4129 4138 1
4130 4132 1
4130 4138 1
4131 4134 1
4131 4136 1
4132 4133 1
4133 4134 1
4135 4136 1
4137 4138 1
4146 4147 1
4146 4228 1
4146 4229 1
4146 4231 1
4147 4148 1
4147 4149 1
4147 4151 1
4148 4221 1
4148 4223 1
4148 4224 1
4149 4219 1
4149 4226 1
4149 4243 1
4150 4151 1
4150 4217 1
4150 4231 1
4150 4233 1
4151 4211 1
4151 4223 1
4152 4157 1
4152 4158 1
4152 4166 1
4153 4154 1
4153 4155 1
4153 4166 1
4155 4156 1
4155 4167 1
4155 4214 1
4156 4165 1
4156 4168 1
4156 4213 1
4158 4159 1
4158 4167 1
4158 4215 1
4159 4163 1
4159 4168 1
4159 4215 1
4160 4164 1
4160 4165 1
4160 4170 1
4161 4162 1
4161 4163 1
4161 4170 1
4163 4169 1
4163 4215 1
4165 4169 1
4165 4213 1
4166 4167 1
4167 4168 1
4168 4169 1
4169 4170 1
4171 4172 1
4172 4185 1
4172 4188 1
4173 4185 1
4174 4175 1
4175 4177 1
4175 4185 1
4176 4177 1
4177 4190 1
4178 4179 1
4178 4187 1
4178 4188 1
4180 4187 1
4181 4182 1
4181 4184 1
4181 4187 1
4183 4184 1
4184 4190 1
4185 4186 1
4186 4187 1
4186 4188 1
4186 4190 1
4188 4242 1
4189 4216 1
4189 4232 1
4189 4242 1
4191 4192 1
4192 4194 1
4192 4205 1
4193 4194 1
4194 4209 1
4195 4196 1
4195 4197 1
4195 4209 1
4197 4198 1
4197 4207 1
4199 4200 1
4199 4207 1
4199 4208 1
4201 4207 1
4202 4205 1
4203 4204 1
4204 4205 1
4204 4208 1
4205 4206 1
4206 4207 1
4206 4208 1
4206 4209 1
4208 4240 1
4210 4216 1
4210 4232 1
4210 4240 1
4212 4214 1
4213 4214 1
4215 4216 1
4216 4232 1
4217 4234 1
4217 4235 1
4218 4219 1
4219 4221 1
4220 4221 1
4222 4223 1
4225 4226 1
4226 4228 1
4227 4228 1
4230 4231 1
4232 4243 1
4236 4699 1
4237 4636 1
4238 4636 1
4239 4240 1
4240 4243 1
4241 4242 1
4242 4243 1
4244 4245 1
4246 4248 1
4247 4248 1
4248 4249 1
4250 4251 1
4252 4262 1
4252 4263 1
4253 4255 5
4255 4256 1
4257 4259 3
4258 4259 2
4258 4260 2
4259 4260 4
4259 4268 1
4260 4261 1
4261 4262 1
4261 4267 1
4265 4266 1
4267 4268 3
4268 4269 1
4270 4271 4
4272 4273 1
4272 4858 3
4273 4274 8
4274 4275 1
4275 4276 2
4278 4279 1
4279 4281 4
4279 4282 3
4280 4281 4
4280 4282 2
4281 4282 1
4283 4284 1
4285 4286 1
4285 4287 1
4285 4288 1
4290 4291 1
4294 4294 1
4294 4296 1
4295 4296 1
4295 4663 2
4297 4299 2
4297 4300 1
4297 4303 1
4298 4299 1
4299 4300 1
4300 4302 1
4301 4302 1
4301 4308 3
4302 4305 1
4303 4305 2
4303 4306 2
4304 4305 1
4305 4306 3
4306 4326 1
4307 4334 1
4307 4337 3
4308 4330 1
4308 4335 3
4309 4332 1
4309 4335 3
4309 4337 3
4310 4312 1
4311 4312 1
4312 4313 1
4312 4367 1
4313 4319 2
4314 4319 1
4315 4316 2
4316 4317 1
4316 4365 4
4317 4318 1
4317 4368 3
4318 4319 1
4318 4329 1
4320 4321 1
4321 4334 1
4322 4323 2
4322 4325 2
4323 4324 2
4324 4325 1
4327 4329 3
4328 4329 2
4330 4331 3
4331 4332 2
4331 4335 1
4331 4336 1
4332 4333 2
4332 4336 1
4333 4334 3
4333 4336 1
4333 4337 1
4338 4339 1
4338 4349 2
4338 4357 1
4339 4353 3
4339 4355 1
4340 4341 1
4340 4344 5
4340 4561 4
4341 4342 5
4341 4559 1
4342 4343 1
4342 4555 1
4343 4344 2
4343 4350 1
4344 4349 1
4345 4346 5
4345 4356 1
4345 4536 1
4346 4347 1
4346 4539 1
4347 4354 1
4349 4350 2
4350 4351 1
4351 4352 4
4351 4544 1
4352 4353 1
4352 4543 1
4353 4356 1
4354 4355 6
4355 4356 3
4358 4359 12
4358 4361 2
4358 4526 1
4359 4360 10
4359 4517 1
4360 4361 1
4362 4363 1
4364 4365 2
4365 4368 6
4365 4369 1
4366 4367 2
4366 4368 1
4370 4373 1
4370 4374 6
4371 4374 5
4371 4375 2
4371 4382 1
4372 4375 7
4372 4376 1
4373 4376 11
4374 4377 1
4376 4506 1
4377 4378 1
4377 4382 4
4378 4379 4
4379 4380 1
4380 4381 5
4381 4382 1
4384 4385 1
4384 4391 1
4384 4407 1
4385 4386 1
4385 4388 1
4385 4405 1
4386 4392 1
4386 4406 1
4387 4388 1
4388 4391 1
4388 4392 1
4389 4390 1
4389 4391 1
4389 4393 1
4392 4397 1
4393 4394 1
4393 4396 1
4395 4396 1
4398 4400 1
4398 4407 1
4398 4409 1
4399 4400 1
4399 4405 1
4399 4407 1
4400 4401 1
4401 4402 1
4401 4405 1
4401 4410 1
4402 4403 1
4402 4404 1
4404 4405 1
4404 4406 1
4406 4408 1
4409 4410 1
4411 4412 1
4412 4413 1
4414 4725 1
4418 4419 5
4420 4421 7
4422 4423 1
4425 4426 1
4426 4428 1
4426 4430 1
4427 4428 1
4429 4430 1
4431 4510 1
4431 4511 6
4433 4434 3
4440 4441 1
4441 4443 5
4441 4444 3
4442 4443 1
4443 4450 3
4444 4445 3
4444 4446 1
4446 4447 1
4447 4448 1
4448 4449 9
4449 4453 1
4450 4451 3
4450 4452 1
4452 4453 1
4454 4455 2
4454 4459 3
4457 4459 1
4458 4459 1
4461 4463 1
4461 4682 2
4461 4805 11
4462 4463 9
4462 4465 1
4465 4466 3
4465 4683 1
4467 4468 2
4471 4472 7
4472 4605 1
4479 4480 1
4480 4569 2
4481 4482 1
4482 4483 4
4485 4486 1
4485 4493 1
4486 4492 2
4486 4665 3
4487 4492 3
4488 4489 1
4488 4577 1
4489 4490 36
4490 4491 3
4494 4495 3
4494 4497 1
4495 4496 1
4497 4498 3
4498 4499 1
4498 4502 1
4499 4500 1
4501 4502 3
4501 4504 11
4502 4505 2
4503 4504 1
4503 4506 1
4505 4507 2
4506 4507 2
4507 4520 3
4508 4509 1
4508 4510 7
4512 4513 1
4512 4519 2
4512 4520 2
4513 4521 2
4513 4522 1
4514 4523 2
4514 4524 2
4514 4528 1
4514 4552 1
4515 4516 1
4515 4523 4
4515 4525 1
4516 4526 7
4517 4518 4
4518 4519 1
4520 4521 1
4521 4531 1
4522 4528 7
4522 4550 1
4523 4524 1
4525 4534 1
4526 4527 9
4527 4528 5
4528 4564 1
4529 4532 1
4529 4558 16
4530 4531 1
4530 4548 1
4530 4560 1
4531 4532 5
4533 4534 3
4533 4661 1
4534 4535 1
4535 4540 2
4535 4661 1
4536 4537 1
4536 4539 5
4537 4538 5
4537 4542 1
4538 4540 2
4538 4546 1
4539 4540 5
4541 4542 13
4541 4545 5
4541 4551 1
4542 4543 1
4543 4545 4
4544 4545 1
4546 4551 8
4546 4552 2
4547 4550 1
4547 4552 7
4548 4549 4
4548 4550 1
4549 4551 1
4549 4557 1
4553 4554 2
4553 4557 4
4554 4555 1
4555 4556 20
4556 4557 4
4556 4560 1
4558 4559 3
4558 4561 1
4559 4560 15
4562 4563 4
4565 4567 1
4566 4568 1
4567 4568 9
4572 4573 10
4574 4582 1
4574 4802 1
4575 4581 1
4576 4577 1
4576 4579 8
4578 4579 10
4578 4580 1
4579 4581 1
4580 4581 10
4581 4582 6
4582 4583 4
4584 4801 2
4585 4692 8
4588 4591 9
4594 4595 3
4595 4596 9
4596 4597 3
4597 4598 1
4598 4616 1
4598 4619 6
4599 4600 1
4600 4607 3
4602 4603 5
4604 4605 2
4608 4609 1
4610 4611 1
4613 4614 3
4616 4617 4
4617 4618 6
4618 4619 4
4620 4621 1
4620 4624 8
4621 4622 5
4622 4623 2
4623 4624 6
4625 4630 1
4625 4632 2
4626 4629 1
4626 4630 1
4627 4628 1
4627 4631 2
4628 4632 1
4629 4630 1
4629 4631 2
4631 4632 1
4639 4641 1
4640 4641 1
4645 4646 1
4646 4648 1
4647 4692 15
4650 4651 3
4650 4653 4
4652 4653 1
4653 4654 1
4655 4656 1
4657 4658 5
4659 4743 2
4664 4748 1
4666 4667 3
4674 4677 2
4675 4676 1
4679 4680 6
4682 4683 9
4688 4689 4
4693 4705 15
4694 4695 1
4694 4704 15
4696 4697 5
4696 4704 3
4700 4701 1
4701 4702 4
4703 4704 1
4703 4705 1
4707 4708 1
4710 4711 5
4710 4713 1
4711 4712 1
4712 4715 1
4712 4717 2
4713 4718 1
4713 4719 1
4714 4716 1
4714 4718 1
4714 4719 1
4715 4716 2
4715 4723 1
4716 4720 1
4717 4719 1
4717 4720 1
4718 4722 1
4720 4721 1
4722 4723 5
4731 4732 3
4731 4735 2
4731 4752 4
4732 4761 2
4732 4762 1
4733 4735 1
4734 4735 1
4735 4736 1
4736 4738 1
4736 4752 4
4737 4738 1
4737 4759 1
4739 4740 1
4740 4741 1
4741 4742 1
4741 4744 1
4741 4756 1
4742 4756 1
4742 4820 2
4743 4754 1
4743 4820 1
4744 4759 1
4744 4814 2
4746 4747 4
4748 4749 3
4748 4751 2
4749 4750 1
4752 4753 1
4754 4810 1
4755 4756 1
4755 4814 1
4757 4758 1
4757 4761 2
4757 4821 1
4758 4813 1
4758 4821 1
4759 4814 3
4760 4761 1
4760 4762 2
4760 4821 2
4760 4825 2
4762 4816 5
4763 4816 1
4764 4781 1
4765 4766 3
4765 4768 1
4765 4801 1
4766 4767 1
4766 4779 1
4767 4768 3
4767 4778 1
4767 4788 3
4769 4773 1
4769 4786 4
4770 4771 2
4770 4778 3
4771 4772 1
4772 4773 2
4774 4785 1
4774 4786 1
4775 4798 1
4775 4799 1
4776 4777 4
4776 4799 1
4777 4779 1
4779 4795 1
4780 4781 1
4780 4782 1
4780 4795 1
4781 4796 2
4782 4783 1
4783 4784 2
4783 4819 1
4784 4785 2
4784 4789 1
4785 4790 1
4786 4787 1
4787 4788 5
4787 4819 3
4788 4819 1
4789 4790 3
4789 4796 1
4790 4791 2
4791 4792 2
4791 4800 3
4792 4793 1
4792 4800 2
4793 4796 1
4793 4797 1
4794 4795 1
4794 4797 2
4794 4799 4
4797 4798 2
4798 4800 1
4801 4802 4
4805 4806 1
4809 4810 1
4809 4812 1
4809 4840 15
4810 4825 1
4812 4813 1
4813 4823 1
4814 4815 1
4816 4823 9
4818 4827 7
4821 4822 1
4823 4824 1
4825 4825 2
4825 4826 1
4828 4829 1
4828 4838 1
4829 4830 5
4829 4839 1
4831 4832 4
4834 4835 1
4836 4839 1
4837 4838 1
4838 4839 1
4842 4843 1
4848 4849 1
4849 4850 9
4852 4853 7
4852 4854 5
4854 4855 10
4858 4859 10